10526 32762 11631 17902 27244 6488 31668 18136 10160 4791 18621 1091 13302 22049 2650 24184 31469 5735 27992 6480 27295 6379 13878 4282 512 23114 25445 2652 25076 28682 23208 10348 9881 6141 10534 26628 14737 16325 22272 19050 23570 2857 5707 19227 2690 1509 24701 21369 30906 14240 26959 12458 23937 23414 26393 26010 5333 15090 18530 32420 3380 7817 26202 10516 24225 23963 8567 17098 25296 31052 12130 7338 26739 21305 30056 22217 30294 21993 19936 31753 5024 11180 29482 7991 25912 25726 2501 5509 4320 32015 24585 19440 18916 12512 7346 31952 7875 30260 8850 30274 
21382 4926 22872 24509 11089 20499 28240 19697 11294 25005 23046 13215 3818 13911 2123 17880 9063 31041 10796 24170 8261 18204 9355 28846 12983 24120 21958 29131 21049 23678 7801 11482 14573 1138 2269 17006 21073 763 12229 15888 14312 19970 12265 30487 12987 28400 18237 24508 12507 31713 13067 20222 24543 17594 20353 20160 26447 86 28182 26358 30753 2687 17153 17298 27789 15761 23350 16828 17825 2999 10674 2834 4257 2766 3781 27065 30618 15518 11364 18888 24775 3679 19225 21051 18246 2497 19239 11303 19155 14222 29082 15510 13015 21029 31550 32161 12789 7665 10455 8648 
23921 23980 29845 27580 30469 27893 2339 31577 21159 10336 3164 1031 29775 8764 13042 8475 2248 23474 3239 14434 12798 30306 22443 23080 22868 1689 5229 5171 6021 5140 7958 29175 9416 16978 20074 22986 2220 16130 15463 6891 19713 27410 698 26431 15829 27656 26757 23708 11551 23815 29015 26688 22067 13160 18090 4803 1116 11841 7544 24055 31215 32170 15230 8395 28238 4007 28634 186 15283 23230 8529 12211 27697 19655 878 16860 12696 30839 16167 29110 5718 25534 13185 16751 5192 30364 27809 1574 27224 7649 29142 29313 1853 5188 11140 16888 15583 16549 8597 30333 
28535 26382 1591 26987 7258 11008 2179 30030 27018 22148 10874 12651 29930 9399 31485 18043 1496 11274 18546 25617 911 9787 4305 14882 5630 22425 10186 8380 14565 24617 9083 29277 13892 19852 20256 28510 1370 10218 7599 26931 31670 25848 12199 32332 12558 2016 13759 15239 2693 13641 15209 16698 18660 17453 6151 32198 10885 13962 13136 7819 22638 14207 29054 19916 22995 18714 1393 10690 31189 19447 2937 25817 3455 10513 24701 15980 2729 28637 27737 3685 27266 30459 8412 31227 32723 21131 27257 1184 19377 29612 31604 7223 31073 20073 21575 23107 6326 15618 18213 24831 
27532 26363 2204 9261 6784 5570 24993 16235 271 15987 20134 1955 30243 30631 19266 25701 19922 25081 12993 30973 1622 11394 8822 25666 12442 29743 17798 28984 22892 12416 16443 28340 12211 32589 10743 18868 31754 12137 6592 25763 14809 10301 6634 26070 30335 7380 1194 11795 27586 9224 31089 13969 24916 18094 25111 9192 30502 2505 6244 12875 598 159 28050 24949 4683 30701 25302 12432 6088 18841 21535 9129 22531 7172 22039 15258 26749 4190 30437 3351 14130 25464 7060 17564 18626 2286 12258 29555 18145 26928 27593 15509 12267 6357 17358 21966 23537 23204 8370 32738 
28177 1397 28263 339 13521 5804 26401 28761 9295 11960 30610 595 1267 5178 9623 32607 11903 2161 9954 11605 19977 26442 10092 25611 4981 25362 20204 25515 19775 21509 10833 1268 29110 28315 28897 18205 19710 27627 10205 9194 5777 5808 28846 16282 20322 28567 32368 14274 15705 26649 17956 12877 14366 25615 1615 10831 31752 22018 5342 16502 9321 20057 20831 18733 17914 19798 5519 16554 7998 20868 351 21383 12840 31260 17701 23930 30408 22767 26469 11881 28447 17401 19711 14415 13595 5349 27899 1564 24038 11187 5723 15905 13455 3897 14702 16219 25709 9468 28027 8070 
29620 16711 24514 10847 29417 4262 32212 128 28667 4511 421 14960 16339 16609 7553 2611 17987 5837 1913 7393 11202 20209 16884 26517 12415 31524 27675 28341 31057 3026 9636 12208 22767 8459 23325 32045 18943 23268 811 18986 4121 1525 13464 23842 26846 29608 6756 17532 10085 3995 15752 2696 25232 27494 20267 10836 18072 16133 32052 9729 27438 31752 3452 27372 16614 402 24328 16979 765 28437 30807 27538 27269 1131 9638 28150 32328 8592 26245 2094 30009 18570 30572 28466 30536 25541 29985 6687 692 19127 23505 6837 27274 8024 21566 27337 3210 26143 16580 8920 
9591 24865 27201 14764 13453 25242 21338 22411 18031 2108 15329 20439 24814 9274 374 24908 19312 11685 28799 27830 21958 28914 7204 5368 27366 24430 30254 30229 30789 26693 31344 19536 15314 30048 13419 25452 27639 18081 9989 11291 21946 27417 9155 7293 22663 2735 6280 21167 13101 23246 2576 30317 1796 24161 29010 27885 1821 4603 23813 12202 13742 5929 9368 4558 11347 22690 14901 1028 10474 18654 15752 1963 19002 27289 21387 26617 5251 30193 26001 14418 29435 28703 5029 4398 25971 27097 21253 23303 1230 10997 27863 32511 4449 25578 29912 5946 6843 2699 11118 14675 
2767 4280 10928 329 10284 22515 8147 24383 17689 13192 15626 7097 9079 32703 19043 7228 24927 17870 19845 31711 27247 1837 14631 9875 472 15967 23201 7304 24080 7342 30749 19744 10 2317 20022 13470 23533 1057 4182 8156 28041 501 12997 23491 22055 9991 6059 5335 24641 18993 9127 11494 25016 13857 22222 2201 6380 15750 2879 10673 1370 4136 31975 28321 10308 7725 20641 20103 14519 28821 5799 25315 15288 26738 20144 10410 13285 4274 16703 12811 22828 24561 21953 23938 26049 23626 22477 1866 17354 25842 4435 11286 3458 5987 31743 21959 28489 5698 8109 28008 
22446 24890 17391 23461 4180 15940 25682 26545 3365 18879 14725 6800 14975 4862 22666 778 26549 2932 21546 10733 9029 10387 31150 17709 12498 9717 23840 16230 6598 16327 14850 20719 13275 5008 22602 10920 8311 25321 18010 5883 170 6359 7011 10911 7775 10954 27293 8321 30994 3067 25621 30528 28446 25494 30117 3401 10803 9953 17274 3884 30201 18722 22838 29425 8865 30317 20222 19096 28036 9855 28454 12699 23489 6264 13537 16745 7657 1154 19493 17501 13836 25016 18366 31889 2991 17408 27889 17872 6905 24228 14500 11151 18919 7153 25291 24580 31551 8703 20321 29613 
8609 12254 17964 1760 29974 21859 6901 31434 10535 23963 687 14546 16279 15891 30263 30314 11450 7101 20863 9369 2895 29037 3982 6497 2416 7078 8350 30023 31372 3098 14230 19439 22975 830 32692 16076 23507 23336 30132 20378 22615 16990 21795 20004 25670 24416 2454 14724 2474 23084 31386 19948 31611 8459 19801 14146 30820 8467 24710 7812 22169 11473 3614 1428 4610 6127 28023 7744 1062 19547 8645 11168 24385 25416 1824 20489 7673 10038 15625 16451 16869 23340 20629 12986 1687 28951 2430 3977 15771 3475 7559 7080 31170 7947 6209 16880 12435 15982 27003 2230 
16 7697 26692 3470 27589 21940 25317 4602 14204 27576 12769 1895 24688 4937 27588 6192 679 13218 15267 1791 15016 24468 15320 10984 22443 16161 24097 10168 14056 10997 31487 19812 28785 26931 27660 17947 20691 27896 7801 7912 352 7273 14329 23403 29523 15699 21931 8690 31892 29530 2697 23349 1995 14828 11390 12576 10255 29093 13271 1495 23260 5296 25488 26363 4728 17910 25112 3880 3955 4242 30035 7493 31735 21017 11739 14142 22525 29347 15 16687 28597 27098 15580 12499 3497 9748 26707 30443 13289 30921 9129 29267 16409 24511 3438 7834 22188 12896 15529 19894 
8536 3373 5225 2931 10729 32590 26544 21736 9385 7539 17180 15443 3488 17188 28850 13325 12556 4446 3948 11589 11777 2127 15252 11835 30689 30609 3042 8611 32450 1932 20034 6874 32279 19850 13616 5224 9279 21451 32189 31249 12437 29878 3835 14573 13164 23050 6415 19447 19931 13367 32039 26195 14051 25649 31796 9913 10970 17016 18149 31189 13294 15605 26971 22400 20124 20987 25863 10448 339 26602 21165 2052 15814 26195 5879 13168 27613 12695 1036 7218 26111 26744 9386 19016 20377 21160 17447 30122 21892 11873 4254 15185 24384 18456 10531 29930 6531 16887 6227 32743 
16908 553 6988 27604 13466 29638 11209 26694 5745 31261 20175 437 26600 13995 1431 30163 22980 10712 26396 19005 21350 13174 20892 11654 12269 21345 13414 20885 3014 18407 1065 18675 19702 30308 15863 7337 17448 31015 6769 21534 4898 7757 2497 15183 5971 18229 18575 16724 21572 21493 9456 25589 17669 4260 16014 5826 11743 11323 17380 5429 4407 25379 464 5053 24466 24599 20476 18126 17617 13222 9517 22959 1654 18300 13306 460 23665 25239 17427 17821 18008 28125 18729 4628 13221 4238 7610 31295 9369 19285 21580 6150 31943 8609 603 8754 29640 27631 4128 31511 
6185 10886 6861 17136 28518 10816 27241 9109 18186 4750 22070 490 26204 804 6440 30280 20580 17119 5687 21516 21888 18016 16348 27155 11538 19743 7843 23229 8607 8938 24088 15022 28164 5392 11931 3753 31958 1519 30723 27639 8904 10806 11014 31197 19399 9093 5823 32638 17986 11514 19373 26882 17051 13820 26835 27856 21470 8079 10095 29148 9979 12089 17518 1264 11812 28506 3065 18764 15356 29797 6011 10767 8114 19783 19399 25684 4328 27211 15773 27210 28936 21862 23719 12127 29187 7995 3755 28345 21271 23448 1867 26921 17129 10726 6402 4981 17349 12661 26515 1175 
26697 4172 2557 30161 11964 30717 7101 15544 15095 25259 22737 13702 30483 12194 20082 1383 13725 29163 4125 18264 25464 9672 9417 30556 12777 8390 15744 3575 26911 13985 28958 25902 7144 10519 20639 28206 10302 25550 32545 14403 1368 21390 27085 9587 16753 16649 7164 11706 15404 3090 16636 30323 31853 25058 32644 20330 5488 20951 26139 22330 7175 29997 10962 10412 13248 20372 8036 1831 28646 20714 30973 10454 22866 21061 21433 18474 18514 27016 1445 24411 24343 14253 32411 2257 12930 6516 13628 3113 7753 12317 15138 3793 32325 27238 14880 18645 28874 27408 32126 14036 
7264 26288 6392 22151 31495 7869 17635 1785 12306 21345 17184 13250 13782 3968 22655 2388 760 7782 26339 26185 951 30317 15638 16216 17740 32624 11762 3335 16974 16925 25707 18065 11479 32617 31879 11675 8392 26084 228 25489 30311 21510 5419 22198 4835 14790 4702 17350 31772 12409 11868 22126 18116 7281 30971 14207 21202 247 13500 18732 975 20162 20995 10505 25405 9227 25019 5032 31074 6352 7403 3529 3962 25366 26693 19641 12043 21402 27688 10852 19127 19357 4732 14597 5966 15665 25238 8538 19448 2596 26431 22698 414 13369 9095 31928 9953 28198 4394 31259 
32745 27838 19834 28315 18153 28078 5998 19564 25201 12344 9607 31870 6036 13089 22735 99 13542 11509 6121 2303 8542 12486 21463 3121 31523 3845 21896 19241 24646 21473 4972 6727 17122 9847 22777 20450 831 2566 30975 12567 1314 4717 14579 18677 124 16770 23323 5598 1019 22915 21083 16042 31147 3556 30140 2236 20421 2280 29861 15583 16731 1533 2092 12666 11521 30876 8270 17097 10414 27989 11405 19399 16516 19354 27617 19990 4348 540 19523 7426 14634 21128 8228 30946 16533 8596 9236 10552 31443 24883 214 27540 30225 15227 27043 13682 10478 10955 12297 22136 
8229 14775 27090 214 3849 30241 25134 12625 16420 6558 8300 2675 18422 18705 29688 7548 2886 32103 26810 13198 25393 25780 21634 24881 5485 24699 30318 11073 25072 14584 248 12959 3604 32583 177 21355 890 11306 18030 18775 3958 26263 4105 22746 24680 7335 18061 22301 15366 27854 24228 26215 3524 16649 5721 28011 21102 2016 4190 13860 30321 2426 24604 5426 29758 27253 5846 2141 384 27296 9726 24703 14276 18550 29929 12820 31202 8464 6881 22489 7979 31008 26378 10666 16223 28018 19508 18711 10324 4179 28373 10175 12999 1670 25278 15774 22421 27646 5036 7801 
19538 17120 32648 3256 27694 26193 18684 9594 8365 30354 138 16035 3698 7977 25869 31785 1988 19374 5533 17469 7274 27933 24450 20353 25691 24764 438 24838 1100 16216 9044 16129 6731 23445 21434 3805 15572 26019 13731 16773 9180 22951 15341 8000 4812 19321 2448 17836 2426 13723 24535 1858 12821 20324 1833 25214 30768 22646 5505 5317 8149 10995 32697 7477 20807 29700 17473 2905 27618 14571 21410 24545 26365 23467 14014 32635 32630 17180 8688 22014 9089 21101 24968 10010 906 16305 21999 7721 87 6465 276 2823 23562 29057 21135 557 19926 30835 25863 7449 
31157 12727 11742 22698 18368 24485 5354 17019 75 17713 28689 20506 13549 30221 25699 14849 11382 30674 19359 1949 9444 25312 9186 27756 18854 8982 1000 20113 15237 28470 30133 7029 18532 14307 25677 23861 2063 10306 5868 10045 4481 5506 25237 2637 728 28728 17100 22403 28 21578 16431 28359 4768 21428 25469 14538 3769 2621 20981 17148 10757 6890 11517 20395 5625 19106 13200 3316 15844 32034 13190 25201 22492 1599 26905 32450 16356 17626 808 28966 6679 17757 12881 21027 27882 1333 6022 15326 18437 21691 3677 12877 16299 26663 17804 26312 26496 25659 13833 12728 
13254 29117 102 12489 7276 30851 6560 12816 120 28206 30866 22444 29650 20285 23141 29145 13643 25494 20291 15829 22946 3214 28961 11859 10623 24020 3096 4527 30096 29698 4217 13451 13754 24313 64 22402 844 18646 21255 5311 6529 9414 3647 26458 23033 28278 26673 7050 23392 1371 19592 8909 16444 11433 26059 17714 8332 5749 21521 26515 17703 19149 16117 29482 1058 4867 5764 10324 16412 8600 32237 28491 32731 23767 13257 912 18547 17345 8785 14202 25907 22258 26697 26202 322 19425 29272 32420 4486 19695 12422 23272 23293 25710 19023 21032 32341 10225 15330 32473 
3050 29206 1297 24888 13451 32354 8328 11738 25761 29788 16226 15268 10062 11883 8618 10171 5666 3211 7613 18775 16400 14306 15797 25238 10637 25051 32722 3660 9988 7920 29868 13319 26641 723 13491 27296 20396 7746 1880 25067 19562 23294 17151 16853 13971 18211 20968 23342 4235 13894 31310 18195 3788 26531 11390 12490 19031 20014 181 23573 21356 9618 1453 13054 27650 5492 27392 32733 2979 16684 22449 7593 22038 3563 8033 20611 12091 7570 27068 30564 11309 31691 13051 15231 18799 9818 2382 4999 19030 3605 12793 32546 25224 17562 5068 6023 30060 9555 27294 8843 
30724 7493 19359 15350 15341 3573 5148 28385 16047 29280 406 18989 24565 15152 9902 15345 10576 162 21345 31967 23507 9041 20152 14816 9091 9671 2575 11396 720 17755 17471 23446 20332 15945 4484 10670 30916 92 22549 32601 3943 15017 25774 18347 24512 21034 15505 15215 29871 26014 9187 18982 25500 21442 29587 7990 1095 16938 28409 4045 4698 691 14554 23695 16186 21177 8832 12370 20265 5913 3015 31168 19885 5328 4941 19763 19177 15177 21185 30063 15970 15441 7225 15898 2758 7148 11288 23575 8234 29253 23443 31817 24189 15479 382 8548 3490 10469 17548 108 
12847 10414 5568 15094 30159 27491 12016 23782 8665 1864 31815 3406 7474 6355 6331 8471 16000 6671 6817 32690 17378 26186 10119 29069 16021 24620 16192 11509 11188 2367 29072 10222 14125 1843 16331 29134 3528 24916 12917 16104 14051 1523 1828 5215 13250 16939 5999 30570 15681 15934 20797 8653 22046 9340 22207 31506 25949 23738 1635 4376 3986 19431 7622 13326 9361 23144 12702 19280 22976 21913 17943 9220 10117 25052 23756 30398 28497 31183 21398 7590 5832 18610 1643 20399 26255 25214 14524 19614 21120 24605 12651 26180 28361 12234 30667 29750 8317 20513 26653 14219 
21015 32058 27937 27520 1121 3116 25618 6041 24367 7167 16352 16697 11569 2536 4738 18376 26125 26208 12264 27395 8524 358 17975 26885 22447 17216 16796 24366 238 12549 7004 2368 26760 14154 5457 4834 9095 25923 356 28781 17607 3188 20777 27031 440 6332 23402 27095 14366 385 13969 5993 9491 26878 13683 19274 24486 30370 3997 16204 12370 17592 23564 12907 8667 20182 32246 8466 13027 327 20799 30067 18202 30553 29121 13712 5607 12280 4197 24207 24313 29370 31115 7481 3183 6241 30386 3834 16923 22335 17608 18274 405 8770 28118 24060 10138 12143 2369 6950 
13264 7384 1878 7371 28221 3476 20153 10139 27899 17719 1986 4753 29241 15235 24640 14029 14663 66 21367 5852 11562 6857 12368 15075 27805 10932 32742 13725 23973 28006 4172 9323 116 2041 1379 15782 713 11462 24458 23471 28977 288 31825 16151 30920 2825 11797 31724 411 21461 26225 3859 7535 4659 21105 12597 8278 978 9481 21748 7060 10945 31556 27503 22780 2153 19259 6792 15704 21095 29466 23346 6722 14756 9596 9338 15894 9669 8895 11733 19174 23217 168 15354 16497 6226 20103 6112 18199 16448 32740 25311 2903 17130 13578 5942 16280 16006 17792 31377 
1548 31525 4632 25419 6395 9427 14122 22675 19603 13196 14610 14515 13309 10821 25580 20054 896 3115 6516 6860 19717 32555 32709 14690 31365 14880 4822 18108 10454 2639 14045 2336 7021 9682 2430 16399 14274 22764 30717 32506 20399 27143 18184 15770 32225 28399 2820 30662 21302 6706 14750 9561 22114 5717 28300 19210 9360 11945 30273 18516 11016 21378 4845 15357 20286 21452 27245 6848 6056 18866 2116 22969 6734 32669 9729 2292 21446 15949 9090 15435 7038 32571 20435 12408 5605 1505 28236 10732 7307 6259 19136 29718 21630 10798 9448 7856 8857 841 329 31858 
1063 1387 26902 6566 14118 2607 28998 14144 18903 3428 20507 16449 11298 24007 29522 8085 2536 20086 24452 19896 13449 32315 20446 4969 12838 16533 17978 3670 11437 26977 26798 8322 11955 4735 27820 28671 2133 7388 16065 19965 19744 32148 31303 25745 19571 31738 20903 526 21378 3746 3308 12658 31226 27394 7980 32001 11179 29660 31179 232 22171 3668 32665 20842 15621 29525 19195 25595 7352 20125 16793 13219 79 8026 4302 10040 25703 7234 26260 26574 31313 2542 9216 10302 24151 31939 19651 15332 31187 11882 27956 13777 16996 28031 16290 2337 10212 11165 5566 8246 
7334 7274 5875 20144 12929 32726 24357 19877 17513 8787 15118 1417 7905 9297 31772 30692 32601 21577 16219 17243 31891 26932 6384 3077 6624 30029 22506 897 5220 31224 13060 21270 11567 16857 28528 12745 23964 1042 21017 21504 24876 26097 20694 2874 7342 20157 15709 26119 15449 27553 13789 4087 15812 10955 11868 18445 12332 6805 887 5924 1669 30907 16117 24407 21309 8863 12177 12333 14171 20081 24191 13150 7167 10850 25777 14254 19569 15249 7226 3427 5996 8812 5937 2285 18713 31982 26992 1545 11461 6982 3523 27472 19361 5384 29959 19539 30230 11754 13201 22292 
30494 21101 4216 25489 7614 12524 29856 8826 14199 1829 14872 12018 15627 4533 19683 32685 23645 16872 10107 25494 30131 4617 12057 12226 26223 29278 9680 10949 20949 17101 15087 2673 27895 2620 17101 18148 12968 13176 7241 11465 17310 15384 29605 18572 8669 17832 30099 7840 8004 20279 16411 29102 20009 12785 23774 29635 440 27603 25202 30280 18304 31783 2213 7717 2858 29738 27850 5195 26651 1580 24930 26377 4984 28572 25718 16792 13107 32091 22997 8938 23165 28121 25660 24825 15315 31065 11072 19418 2195 29815 6283 11697 4368 27158 21923 6801 11834 23154 7862 31211 
19675 24943 7336 6001 20039 12 303 18115 16487 32488 15181 29497 9950 21418 8277 2349 21333 16827 6559 3985 19738 24014 22628 29720 22392 13069 26108 21734 19188 24426 21566 16388 30670 10187 6649 9820 6592 28266 21727 17084 14390 20720 20329 3846 12613 26692 29188 13157 21450 24367 25053 23870 8836 25256 29371 28099 5344 30999 26630 3236 3608 26647 10395 21000 4545 3628 12830 11833 10907 26405 30914 19287 31408 12647 6846 21126 26288 27647 3226 1185 31130 5751 11611 11989 4433 6251 22096 13046 19686 7046 17316 10361 2968 25016 2891 24855 6956 15801 23438 12785 
25895 15721 15544 24820 8856 15280 25363 14139 28801 18461 10193 9396 15563 25597 8739 16138 6397 1 11058 28652 26809 5671 761 7604 15879 12286 20739 27233 23759 10435 22808 12934 11935 5932 21713 29484 4166 4554 1372 1251 26879 20150 28684 15609 8392 8518 5333 28556 26593 5429 24718 14603 12009 8954 27046 27287 32153 30489 14280 27336 32703 6957 22412 22823 7385 24388 29172 13334 3353 1221 14363 10034 26129 4118 2747 28219 14267 14783 14062 19219 9825 8687 29093 13255 534 30775 20026 11389 6713 19482 15239 14557 26865 1767 6878 5426 816 9128 28319 6401 
28975 7532 21174 25978 3459 25278 10605 18257 1059 32290 3909 9827 1836 14599 362 8524 23297 17898 22600 23024 4438 15975 3248 26202 30286 29802 55 26984 18914 13561 27355 18029 9884 28006 12471 4487 14244 13807 3532 25295 32541 17146 29 225 110 22708 6022 15153 24146 9334 758 14550 24411 16064 6791 27862 996 31405 17633 32645 13421 17465 12784 2130 22129 16866 101 6657 25574 29320 15949 5647 31835 15041 24593 17851 1995 27283 6410 12134 4587 28208 31405 24476 15615 30052 27160 25320 23145 25102 20247 7099 5631 10477 131 20482 17154 29413 30002 2766 
24362 22181 3807 3524 24967 18581 19877 21720 10760 938 1454 220 20902 4521 16892 14494 23669 282 9428 19389 28597 30701 23177 26720 8155 29186 32239 25511 14508 27547 1537 30771 23328 7495 3038 328 24446 13525 31887 8887 8604 3427 7529 157 24056 4649 32380 19773 18889 4184 18427 9655 25707 29263 1743 6037 11961 1457 10419 16958 31669 10478 3790 5948 28474 13374 14967 24906 9487 13642 27847 27906 22336 3769 9331 1123 14098 10405 23871 16270 32626 32138 7732 16719 9716 16979 5616 19731 17918 25534 23794 22433 8904 1458 27868 7393 27129 803 15407 3116 
13380 12032 9657 26028 2561 1552 13076 15934 19804 32660 17970 14414 28212 18129 27178 23643 29045 27100 24915 2921 7157 26089 31196 16349 9367 15653 28724 27756 29783 12720 26754 13752 15104 23458 9891 7700 10365 15967 13506 23422 17632 8193 19389 17309 14746 49 11757 7651 2703 25427 7226 14442 21467 1788 29943 9980 30135 12847 29737 12135 27371 10294 11144 32481 5029 5286 18742 15811 22072 15472 16826 14550 16806 5887 11472 24025 9972 22911 2512 15 16612 11281 12797 1080 21968 26265 4868 29878 17758 14660 28143 12010 1421 27068 32273 721 29812 6638 4244 22545 
27736 26345 19308 6217 17313 27522 5419 30899 17844 20721 20006 15513 19625 1343 23155 24202 1164 27556 21223 7571 3630 14243 9105 20913 21209 2508 26056 9958 404 26489 3569 32727 29515 25393 22518 496 26374 10201 19636 13953 1751 27625 20491 10275 6077 12985 22317 17879 6195 28089 3432 12224 260 29917 26426 9660 29155 31727 23216 13151 30295 19404 11258 966 32700 26122 3917 26200 12511 29906 896 27763 11867 32254 21369 11552 18957 4024 16039 22534 15905 20736 28360 13498 173 17810 30820 32647 25655 12864 3113 2473 16225 385 29975 22323 2096 5811 11814 5940 
27418 20359 11887 13807 3732 5998 29292 11922 23998 8442 14254 1749 5983 20332 20897 892 17971 10350 14647 10620 6672 28883 4731 31344 10873 5692 15227 22677 4328 4825 17342 13142 26530 19570 27859 5569 18226 5653 20197 32695 608 6790 12254 31341 21463 7515 31876 19690 3680 12963 24401 14134 18483 4588 10720 230 14163 24873 3195 30774 8213 13118 27069 27842 29801 8028 18053 9975 29104 17263 4719 5073 10489 8503 28593 5102 1741 11168 7187 16044 30236 6764 21558 27553 10345 217 22400 10419 20515 29994 21109 16414 23279 25463 9600 5849 31107 28596 22398 22805 
25168 22161 10666 32220 26857 9309 27729 24752 6322 16390 3565 17303 9546 23489 11932 6645 5585 155 31720 27831 28772 24552 17575 15926 23501 13449 22977 30221 18351 7071 17737 8019 16635 22245 26029 5799 28167 27118 25101 7818 18419 15214 24000 6448 10976 11972 27914 4595 4567 16433 18795 27887 20294 1571 4552 16609 23580 26868 406 20706 3381 27713 29362 32682 2346 16574 13336 22203 1526 22955 16719 19093 11190 21484 1714 2484 16686 8848 21135 6111 32659 10289 18592 29463 6046 9220 12437 31885 31219 22475 20193 30123 7204 27605 16026 12447 15578 25526 26400 21120 
7967 9545 30334 15527 31477 7904 31958 32289 26631 3013 22398 19751 23329 11929 32430 25897 9983 6651 27925 30894 28338 23709 31125 1808 3052 18550 24070 23985 13457 16692 16759 29257 26221 18436 5094 24092 24472 22577 7794 18900 17743 4850 23583 9895 17429 15316 29247 25769 16152 3073 4230 27470 6336 18772 27182 1570 17820 1865 23356 1523 17994 28717 22487 16635 1354 15943 388 16295 23228 14372 10942 11971 16397 31414 23773 4998 9314 21828 11917 8372 5198 19476 9869 9956 13946 20053 26970 11633 18089 11731 29882 24545 8807 30549 2259 29561 1213 25133 9101 3484 
26020 7795 21251 23316 7791 11316 27964 4068 4766 23299 32233 2977 16167 32347 21856 4920 23633 16897 29703 22370 24107 17861 28622 16929 20856 25494 2132 7459 12156 9834 14412 17845 2873 20845 18242 25342 6502 94 31142 25597 1810 6627 10446 741 16764 14946 17479 10866 28471 14361 22854 22385 15166 12377 31677 2780 9923 1607 17298 24523 22453 29146 4291 15314 17564 103 23735 32219 13699 30157 22293 19932 9913 9509 22685 10327 5237 14890 11406 30103 6286 10805 10994 3774 28165 10724 456 30872 9949 21289 4631 5171 25582 27764 20224 29302 21120 5338 16114 12622 
568 20480 22900 15446 31007 18800 18074 13795 10317 4090 17789 4421 31072 5570 2328 27423 10093 8425 7657 4858 16253 18302 21754 25192 9489 3382 23312 5685 24994 30339 7966 31499 24253 29994 21808 29053 11903 23624 30449 9476 13012 6163 15938 29446 18954 18825 4926 26960 27388 6737 407 14504 21977 17499 26303 6142 29833 27154 29029 4419 30216 12805 13877 31562 29038 5554 26399 30222 29806 30722 2495 9610 18533 8061 25674 11094 26417 6175 6996 12226 21470 21499 10394 12111 7909 3004 2857 26825 23959 23754 12112 4082 22902 4325 25271 9476 8041 13055 23641 15061 
23095 2788 28543 15257 11271 4306 20579 4681 8253 10578 3441 20370 3891 9363 7874 9190 11228 6225 25719 27289 28961 5384 14099 16571 1015 31113 22613 11327 12449 264 31399 17783 5725 4676 11154 3546 3766 8212 24619 7236 2233 17612 2964 2724 16190 30606 10629 9303 21553 11224 14127 26776 1080 448 17667 1522 15804 20203 21953 19545 11021 7734 31408 6496 20111 18405 31212 24759 12022 29261 24845 14097 17550 4116 6339 7880 4907 6593 19473 3722 9268 2117 23213 30749 5908 1536 1845 1037 16871 5835 26134 26081 26229 6228 5775 18592 32281 7703 25934 15005 
29741 12540 12375 18450 13492 12454 8343 1637 28912 17665 933 19837 29208 6862 8588 22729 11786 14464 23265 27274 29067 22315 31989 5974 11865 7270 6063 22630 24722 8742 16074 29518 30371 11230 32170 1702 24778 16887 24117 11716 2338 25681 22462 6120 9168 28286 559 18293 9061 17968 9318 28640 30991 11224 8756 25248 8302 12491 10507 9619 16229 12872 8755 602 25072 29932 18561 17996 8779 3929 9344 15069 26267 8854 328 94 5911 24055 265 16799 27920 29942 30754 14732 21456 8179 4166 28431 289 20594 15432 26199 17703 10403 8179 17922 4943 436 28231 12140 
22096 28301 11507 15600 17763 31210 22237 22136 2391 512 24741 4380 2677 29174 17875 16359 19193 17763 16415 17303 21275 9895 19043 1454 31729 26529 29006 6515 21297 20829 13692 30322 11627 23699 30318 29554 18557 13413 24027 27004 12006 21239 27937 3878 28376 15296 30576 9246 22501 8341 22833 22543 9045 15160 7732 6865 32046 17997 23955 23821 2271 14521 4805 17185 26247 11991 30523 23791 14352 7889 32196 29904 13557 9247 18464 19465 13910 31276 5621 8025 15011 17526 17488 30294 29535 21989 31071 22567 17694 7795 11073 27618 28097 4502 12873 7745 13464 1607 2572 4051 
18442 26246 23375 15671 14160 27347 4943 1538 29386 9327 32684 31610 14529 2359 18330 30049 5510 980 28856 21070 28820 675 18904 25199 13874 4279 6287 24145 10889 16391 29303 28732 12875 12065 29290 11469 12309 23740 3362 17058 8372 21987 16156 24401 26436 10363 31353 731 7267 26427 12299 20415 27446 9627 10352 11301 21094 20790 25465 11369 6834 746 458 13936 22390 5454 1754 76 19640 19028 30354 12002 15629 24127 17151 30497 26294 7405 30831 27094 31462 11789 29039 11888 25630 8575 27090 10283 17729 7203 21782 24952 12608 5481 16674 19211 31361 21155 11058 21859 
7288 21235 9234 31438 2208 31987 22071 4187 8603 17186 10628 12631 25425 10561 25839 15528 28158 4601 23598 25954 5507 31578 26601 19524 21606 31850 21183 23008 2869 18370 9345 13799 5976 9615 26039 21114 24978 32505 468 29363 27389 29451 56 26702 3863 12019 29200 28473 23262 31665 9850 23846 24181 12220 1227 17204 11167 12515 29607 26520 20154 11842 12178 3581 4288 7664 22012 23979 15310 5366 28176 3617 17059 1916 11860 20257 1642 11641 141 16954 22096 7093 5967 1459 22842 11631 26634 30518 16846 12835 6227 24524 30244 24736 2773 27282 14829 6924 1939 1355 
8827 11594 3691 13035 8012 28335 920 24239 25410 4234 871 22855 19535 1568 15095 22435 18480 23184 16945 32552 22778 26819 26776 27490 31472 7068 2331 11175 8741 7696 19302 18541 24329 20287 2313 18076 23102 16685 7831 23003 18822 10197 25916 31207 12970 21708 27472 24653 24429 3497 29542 1408 5183 12649 25093 12386 9708 7246 8894 1539 13881 967 29852 6631 22376 8534 8296 17802 12417 4657 13912 30409 24688 12260 26393 7690 27318 16057 23691 15661 7375 11908 9307 588 10946 770 16747 21649 21146 32459 216 22929 15900 5556 28102 6788 27870 28506 3621 15204 
23015 18612 10337 2638 23565 26185 28338 9353 31858 15017 31208 28020 32112 31756 11649 24779 22988 19047 21597 22672 32718 25756 25365 31687 21231 1709 27611 13931 8650 693 17102 1134 20613 21186 21851 20801 29036 7705 22585 1483 15075 1536 9829 21075 3377 4480 6543 21322 7732 7615 13991 10634 29173 19973 21408 19818 31832 630 30558 11855 3239 12905 21726 21579 26814 1184 19632 10772 19038 31463 17005 30188 28109 17543 23830 1864 25121 30675 9982 10941 5467 17673 28970 15297 21017 27760 16651 7298 25270 26460 16470 15653 30122 29106 22040 27662 26712 10315 25189 24773 
27668 23295 32418 20668 7298 1460 17990 24168 7835 14289 22734 22334 29833 9563 23538 26712 6660 29349 25047 28025 28538 26097 21414 32090 10569 29819 5425 27188 8227 30525 4259 735 21849 25279 17785 31579 10547 21197 3452 22781 16525 30732 14041 23033 10393 17299 2307 10285 13021 16379 26911 24998 28786 18137 22660 11101 28104 18577 23404 14552 32234 2718 11302 15616 30556 14137 8943 1957 17898 4918 21404 21237 9867 18995 12407 25569 40 17581 23203 30518 14437 1751 2699 2956 13153 16114 32106 13300 27331 9860 24372 67 23676 28840 17025 6396 15605 17652 31315 17200 
30340 15420 3548 7143 22799 14166 276 23270 28367 4086 17565 8576 25373 13462 24452 15949 12159 6346 9924 29948 12104 15359 9890 22563 26169 2305 18583 29899 20477 1727 22655 24250 8862 20546 20074 14513 31262 22745 26562 15412 25185 7127 18996 29336 13784 24985 16344 21730 6827 22749 18111 32549 18892 31647 31636 21902 20541 32515 23814 25396 1339 3028 17465 18395 28891 2310 17636 399 4051 2346 3969 16817 21340 8739 28096 29030 27888 26687 4724 29270 9603 8521 14293 25719 28763 1193 16873 21284 12061 12803 16702 11024 11587 3892 28989 22698 3777 7974 3820 202 
9179 27371 26252 25287 22614 20648 16635 13427 18039 11515 24264 15586 25776 12196 6007 30101 4966 11225 20360 13922 7528 31412 22302 6326 26515 27 12536 21186 29170 18399 32383 3818 10949 25374 31048 14070 22447 7663 21576 3500 26887 27209 17445 433 19802 10452 15650 17227 15383 16363 22264 1431 17204 278 31745 26879 17954 26460 8276 18600 7035 28792 22126 30782 31184 6497 32445 26245 15211 16703 794 27430 17151 1868 10427 16364 4677 17755 1346 16499 7425 2813 12522 9033 4273 12864 19180 16032 12257 11743 7170 20449 20752 3403 32222 6617 29082 4631 20186 22339 
27182 13312 25015 27911 25305 27883 19510 1427 27989 1357 16131 21594 12828 32330 25038 14099 19431 27856 10586 5538 10096 19535 28874 17015 20010 6807 23053 11530 1596 19560 15394 20315 22724 31393 32417 4882 16708 165 12786 12488 27388 32456 20429 27152 16185 18612 16620 31568 16074 11664 29480 8451 13155 15576 7567 7118 25439 25799 16852 23743 5556 28106 5949 8458 25579 26795 17531 11262 8627 4979 20742 10058 28677 30975 13946 4780 11271 17 24945 30556 29916 13612 12985 17454 7538 9404 32304 22446 30746 5682 7379 22209 15515 13340 10154 14465 29035 5940 9254 24631 
5689 8849 24173 18624 22425 28198 9049 8320 5189 5187 5108 31925 30044 4526 13486 1422 18747 777 5362 24684 28873 25328 9293 28432 866 5255 26420 10302 18297 32043 23087 17328 8668 8893 23800 30738 18683 10739 23579 31197 19411 29562 13731 15347 30565 28775 3089 26573 28080 324 3346 17029 21813 10769 10758 19149 21861 30082 19980 24046 17414 29550 14507 19314 17765 11900 21248 1603 2443 26884 21922 1143 8593 8784 32022 23980 12112 17214 31894 16504 14763 5919 4557 27225 8460 23204 18534 31478 10929 21668 18398 31904 694 9623 30096 22667 23895 19124 22430 16073 
3696 24355 25996 26261 19968 28873 27264 20757 11477 32054 30855 22045 31571 12107 28182 921 31626 4652 1694 23716 5526 6981 10480 4041 7022 28571 4144 1167 22701 12941 21279 6126 7639 30756 15781 19251 14457 13868 22811 19778 10838 14862 26533 13645 23839 17781 18859 11564 11921 21395 902 30658 26533 192 13777 9983 29491 13753 10234 16216 30832 31214 13391 136 14017 32381 26567 3126 23290 13080 31907 26160 32555 23325 32001 17670 19112 6049 13175 11993 6669 15614 7478 13445 10692 24091 21016 22045 12853 2322 24947 11123 28280 14430 30653 6227 27586 30994 32598 1380 
9796 26488 21653 30756 1418 906 1537 28862 3147 16573 2926 3660 10803 8913 334 31732 783 11008 9305 29100 9681 13182 9535 5077 6825 26999 3715 28258 20397 15035 21139 6754 9188 21740 22875 7449 25697 28441 10469 18584 28991 15338 31252 30031 1319 14427 15057 30081 4254 12401 9983 6465 23550 28628 21396 17432 30410 2244 9832 22002 7079 20002 10732 20549 20962 16433 8046 8631 4300 25094 16298 24834 12043 24498 19609 30111 20017 8603 15935 22725 32273 6490 14682 24870 5027 29491 9315 11812 11128 17126 22385 23447 2709 27436 4105 25857 18091 6876 15491 15986 
14922 8290 21729 26973 29854 2532 18295 28669 13361 2782 6210 18288 15963 10037 16233 11285 12788 15566 5213 26273 9176 25210 31183 20280 1803 5434 31806 28860 16555 1794 31767 27491 30188 25936 23763 8200 16951 23437 27217 8885 20318 21422 5896 3721 31088 24379 820 22267 23188 9614 14640 2867 22113 22001 19472 5753 24514 204 27685 26798 3933 5205 32167 158 4878 30330 15017 22577 28945 12762 8722 22622 22581 1250 24824 4848 1276 6062 18363 12810 32010 14938 1497 19937 16197 30294 22638 20656 29896 16932 24787 9471 21750 23479 1546 21050 3168 10683 28870 31024 
2531 6574 979 3766 1632 26888 12190 14432 27263 10913 17619 16263 18320 8322 10491 24456 7528 25697 30176 3946 20212 29875 10072 18941 16846 14015 8456 30053 15799 12463 7651 545 13534 18866 14488 28199 18529 6354 32428 31335 7555 6396 20400 32417 9300 11981 1797 23657 8231 1419 23389 5365 12602 17062 3569 28076 4308 1773 10259 22986 11396 11650 10797 3117 29501 12672 15398 8524 6650 9335 11224 23342 3173 15860 18274 2471 23138 26740 11817 21276 21427 31229 11129 6982 5705 15047 19498 32068 5897 11877 27983 17974 3219 1828 7589 2212 3879 28802 21548 12926 
4888 29922 16976 4661 22991 27040 8247 25794 12199 9653 26162 13033 10446 1177 29526 22838 17740 2187 22553 13004 19651 20208 12105 12063 22837 17146 22309 13440 207 17844 7679 22689 18970 15170 20918 10669 3248 31232 27029 13359 6981 11301 40 21930 11918 26302 1003 12000 26473 6434 17166 1239 2071 24322 4226 11415 14824 12535 31512 27425 12949 2587 19587 5286 17409 16816 8672 8976 23748 15544 16857 7726 14104 24915 17913 22448 31458 23660 6131 6378 8565 8584 32662 32406 28831 22510 1242 18486 14899 12385 21952 296 22679 7772 9474 9432 29157 13653 11077 13412 
19480 575 18360 1197 31428 955 21222 29016 26359 20020 8983 15204 4777 24470 30833 32462 15128 26436 20753 26041 12485 21 29439 7829 20087 9634 17131 6762 30695 14841 6626 5546 8155 4855 25021 14879 21991 26292 27284 24437 9234 10366 16088 9131 17416 13710 8925 24115 20086 17237 30161 18745 14286 9710 15510 7661 13128 13082 32196 26059 17259 12780 7104 22376 11970 20503 16728 9694 8505 26247 3390 32636 21458 19477 9503 26348 27549 23403 14005 31093 30751 5385 25214 3626 20570 31769 14772 3111 224 7012 23726 18104 14300 26085 14678 29591 30431 448 4104 18401 
19977 31598 9153 1444 31733 29718 16070 12697 32673 71 27388 5441 5252 21806 8040 26320 7589 11929 25186 8641 25829 24919 1778 30146 30125 4280 29985 28607 30373 4754 2104 8635 28743 16232 6827 10595 14457 25952 25251 27100 31966 8447 3557 159 21151 14733 7841 3829 18046 16508 10200 11550 9411 2923 11492 9619 4674 21901 30661 16616 4287 10668 595 3323 16011 9179 24399 28587 17171 3660 10765 19131 27647 6685 30176 30715 4022 13881 15116 18235 14499 22220 14622 23171 28884 15443 14191 7449 17925 6443 16475 8489 25511 22224 2249 30518 6169 21215 11373 20269 
12756 10155 31289 22206 1694 6020 8442 28437 25316 12919 10362 24237 22888 2280 4767 29330 831 5686 7067 27848 8997 308 14857 10953 29051 24405 14682 1103 14662 6397 26034 12497 8949 16050 27638 9250 24457 30943 23329 18964 6187 15155 1624 30684 10072 19407 11633 8360 14371 25261 20626 6499 7054 1304 27301 9304 3231 25277 29892 2572 7090 18927 6702 9277 566 3875 26442 31239 6725 30424 31703 8076 16841 26736 4240 8918 2088 21615 13755 14528 19178 12252 15132 5335 13621 2967 26439 21909 5613 78 3128 30649 30241 21799 31414 25436 16846 29663 24605 18566 
20478 23648 63 2143 29297 3414 3687 31695 15299 16843 16665 29021 8720 20086 9510 26032 25587 2352 10882 10011 4883 14781 4781 20252 22281 22298 20330 9195 8988 11176 30930 24492 32419 20506 32029 6487 14349 11223 5897 6193 26331 25535 5427 719 12538 27510 31023 17840 22484 7898 10820 3637 26399 32424 18174 18884 21906 23568 2025 30984 3634 29869 9894 4798 17130 3950 2752 28382 14121 28017 6733 11184 29175 19169 3865 19727 16213 9446 22028 11777 29386 9526 30339 2460 16937 23113 29567 24671 14664 12804 25720 13817 11132 30144 22490 594 11286 25652 10828 24063 
22699 10623 7864 22088 876 16467 22330 16211 28866 22631 18869 29604 20281 18076 15844 18407 260 32333 8311 10930 21380 5913 6511 11237 20642 5776 19071 29714 22113 16089 9053 8482 32191 27410 14143 29826 27068 12778 10509 14193 13606 17201 9626 15421 6868 23279 12767 24884 15454 22246 15656 2455 9260 3718 24242 16006 29015 16848 20284 16013 5229 30929 14537 30309 30712 4121 31792 4478 4680 28581 26279 27358 20613 12027 31069 23029 32212 30251 12697 32626 29988 14213 32408 18288 26832 23842 15434 14280 7251 6249 32425 19513 12549 14233 10046 11030 28485 6004 14615 17190 
4771 23957 30153 30699 20347 24347 14299 21692 20469 32630 21128 2620 19833 23525 7407 27407 4540 18181 28119 1823 958 2699 15694 23549 25057 11453 1111 3799 16807 31373 30394 1517 28838 28724 24764 24101 10742 7935 27030 17894 11023 14477 10897 2661 25826 19491 22099 12718 3500 1066 16076 30938 3040 26723 14614 7641 16458 24525 12189 4548 28953 10752 1683 12289 7806 22740 21251 9021 23362 17324 28574 16719 10549 11964 14637 31452 7441 7833 11049 4300 7317 21491 14725 25023 16261 14784 17075 2852 2208 26501 25428 11670 6795 8898 12752 20432 23104 2359 21509 7811 
10249 998 11576 28072 24197 4728 32607 14040 23750 1701 25464 22773 26799 27621 23965 28030 6703 7073 31055 21551 18371 22226 16693 3823 25999 16602 22428 16046 18823 24974 11622 26182 29051 32728 11955 22595 6248 10131 24352 12682 1153 22996 22798 28829 9899 26597 12932 6245 8014 29545 6852 12133 5489 27004 14316 4501 3556 17241 21499 5166 6090 14513 30953 19959 12992 24097 13119 25474 16969 21793 9718 2604 29580 2203 18428 10057 10009 25860 10555 11605 32376 2913 30703 25416 8641 3433 26102 26090 9034 20905 31220 18361 11462 32014 29484 21290 10117 22777 4910 25766 
18408 30434 28461 4989 9315 3098 8629 12834 30349 7881 20472 8457 4002 18227 9993 24706 1554 31224 30452 22291 11403 15766 5527 11394 27959 32634 11103 28910 19564 5512 12375 23201 30269 9734 30793 12411 4603 30573 22338 28447 29703 15503 19941 3725 25527 3370 3727 4401 31484 19466 16463 31427 13416 23632 25838 4989 14687 13663 10641 999 27151 18581 17708 19332 32560 10373 7765 29692 5237 5611 20014 21495 14142 18691 19532 26290 2897 8331 11340 4868 14612 11715 12116 6302 28924 9173 23083 15497 17387 29922 7677 28981 6862 21512 11369 13693 6698 11835 10412 11237 
15186 8148 10993 15669 27139 13514 24283 16469 17898 21759 16342 10941 23807 11616 13068 22871 12935 26313 23247 2010 25598 4325 21118 22556 9859 22934 21384 15464 20607 5129 5129 16821 1345 377 17996 15541 16011 30830 21804 16603 31927 25504 30900 17129 9497 11337 17783 5619 6159 8594 24959 29019 12996 17249 7366 4914 17509 13647 2092 11517 15059 19341 8164 21151 6152 16432 6617 18331 8195 18863 17355 3211 30764 29145 27588 28076 31072 8934 662 8606 6212 7623 16472 27014 16491 3998 26138 2608 29170 21758 24158 5917 10689 7583 32033 18192 19495 22485 3057 3283 
16412 24586 24735 12130 2965 23208 14984 29675 10908 6289 27094 28347 3748 20829 1895 20274 23753 3752 10416 14156 21116 25813 22019 21024 17076 10249 1426 29043 19729 25561 13948 19079 4877 32003 17306 26035 29977 18272 15641 29894 14740 24466 26324 9357 7030 21940 2842 20243 12351 8493 9057 9248 658 12916 4547 1677 9043 24079 8671 25626 20050 7394 28391 10461 2937 13335 24417 4608 17744 25497 17751 32549 1860 11826 24003 1526 82 1784 23019 8997 10982 31728 2031 14365 15632 15073 5669 32462 23885 30979 20162 18270 10376 4335 12168 3271 7450 6412 626 9191 
12607 6903 7711 14365 8480 21206 25869 631 9496 21496 10559 9829 23506 4241 853 1268 6491 9218 31224 875 22288 12588 32438 9078 9970 11009 30348 5647 16825 32388 32150 30335 7280 16530 6636 29596 13150 17400 4885 18926 21167 31560 31601 16721 27749 23284 5545 30875 24225 2760 18123 13299 29776 32741 15087 10675 22297 14131 12363 22194 15349 22540 3181 11704 8106 7069 28641 11179 3662 17395 28886 1867 20506 30456 29990 12030 27710 9435 16299 17857 22142 14505 2310 32134 12199 25641 29465 5856 21930 26144 24678 2852 5525 8282 19896 5978 12335 20977 10178 26959 
2791 16575 13238 6792 13663 29196 21384 26538 11186 1564 2070 9141 8367 15472 22994 29324 11793 13910 29102 12329 28433 20954 17106 13144 4164 18116 8426 29719 13455 2822 4589 8118 19648 21728 1795 4861 20208 19926 31637 2826 2690 8126 8347 18290 22830 3858 8454 10671 6809 24193 31236 6735 4618 30988 6548 20209 9584 18036 804 28046 28348 28876 2371 27019 510 9253 20431 8736 13187 22324 8926 7156 18078 8470 31330 23186 20727 28215 10217 20282 12205 709 27358 11170 32585 48 12474 18793 25553 16821 19622 25146 30629 19540 12898 24891 24808 15999 16886 5164 
17498 20074 6602 23328 24077 18930 18761 21959 20815 8383 17574 19918 11209 15578 6917 17611 8502 10250 25442 4300 31679 20246 28037 28141 5159 2237 32380 3917 2838 22546 9578 2152 12570 15507 1978 3258 27597 29396 25517 12168 15311 8594 28533 28896 18215 6963 20743 20360 17988 2867 11546 23988 4891 24727 28226 13618 18267 27993 32121 4409 8481 26334 7478 18285 23902 19223 23227 21664 2574 21724 26533 3649 8429 2750 14844 16274 22625 19235 15177 22440 17062 12635 26931 16628 10877 29480 22116 7749 2328 3426 15403 29047 5552 6895 8631 9064 23783 11647 14360 10696 
11328 17904 2420 21368 29042 20373 8542 7219 16960 29899 2216 6623 6826 9252 1673 28593 30489 20319 8354 1568 2830 27743 11420 20023 2450 12128 28617 28444 16331 22849 15103 14767 5810 30591 278 19863 25402 2367 13283 4985 14067 29321 21119 9229 4216 8255 18187 7676 15751 26234 15705 7447 5912 6045 11406 24322 16051 29997 25684 8051 21912 9595 14503 30094 20156 13721 19177 30979 17117 23278 5567 1593 23068 32197 22023 19970 7598 1535 27049 25231 16413 16309 6351 126 13021 12283 26431 7296 29815 13949 18997 30639 13919 27548 26246 23304 1795 12851 2189 268 
28359 24799 7613 24421 6712 31799 12493 32278 22322 25665 556 17547 11029 12209 5587 11857 11945 27016 20518 22928 31976 1589 5640 8713 30563 5557 4129 31727 30406 16075 26555 23288 13266 10809 16906 22599 9076 4777 7685 8598 19521 2965 22302 9739 28044 15439 18426 5312 21044 30485 17919 31975 28234 11744 7590 26709 25403 3686 18330 24967 26400 3509 21248 25550 1460 11859 9971 14398 9191 5226 19246 22208 11407 13212 21352 18406 18332 10708 20912 11110 19237 6074 30389 11972 23054 7239 11580 2229 9585 6779 10937 14275 21467 23582 20480 14365 21884 23439 31138 24651 
9220 26696 27903 885 20149 3406 16769 6106 11336 12743 3300 1921 18767 27959 25434 6494 29126 18083 14408 16245 25887 20918 26028 17191 11238 14556 27850 23817 28344 24140 2191 21080 54 29213 18230 24143 25169 19689 4880 1216 29523 27742 17918 605 31141 14110 24481 15158 12912 19395 5812 18999 32719 17550 16589 528 17468 28828 4254 17670 22757 23450 23444 29716 10546 32762 31796 22127 18627 4513 21725 5454 4682 23533 18076 1849 12674 22829 8890 4481 13598 11837 7379 881 10984 20203 7236 24134 5965 420 20201 24234 11402 15271 29257 12002 5997 25189 7326 14279 
14745 22641 25697 23540 18721 1010 26545 22850 9422 14607 22283 2353 31809 15771 26222 31630 17473 22746 7005 14425 18650 6552 145 1538 10906 23319 15802 20206 19442 27330 26404 15014 27929 17051 16920 7643 86 8808 25901 18469 29107 7124 20433 21819 29528 15108 7460 1820 25672 13356 10122 25340 1649 23968 8298 15425 12483 14112 7084 27896 405 3376 30401 21265 24515 7079 3258 2447 22853 31698 620 9046 23653 19963 4141 2510 9101 1299 12372 21495 2880 15374 26724 8157 10158 13706 25323 23659 15128 21401 11608 9273 32310 22604 8368 19101 11658 24415 14513 8469 
10311 18797 12414 466 17506 3711 27519 14565 20139 5211 26844 17906 16009 23870 14620 15892 18517 6241 9411 12138 28568 19653 5459 10178 25748 24786 24483 10810 3316 25688 6022 10519 24717 19411 18105 6437 1690 32474 24553 15404 11370 20344 32419 5323 16032 307 4316 12401 18492 14795 25079 13976 22282 4724 15282 21052 26528 23444 22806 1011 10651 6491 29000 25322 22650 746 7531 25583 26543 18492 21993 27293 8539 20347 21749 28317 26057 7663 24725 68 12267 30662 12908 32669 14753 1907 5945 24932 12111 1649 23927 3951 797 27020 11139 6892 20794 28078 6361 15688 
27938 8891 17296 4471 26608 5556 14675 22668 27642 13488 6789 10520 16847 26947 10110 5203 22686 21455 11053 23176 13955 8337 19797 15442 21307 31772 4182 15183 32564 23173 25467 7976 7679 6791 27996 26723 17844 10550 31262 12256 4519 3768 20464 8092 6247 703 17445 11560 5483 10688 12072 17307 14266 2577 27098 2154 21075 585 117 5869 5723 12273 15740 32219 22520 26622 10743 11741 4676 6865 4154 28298 27366 25320 32353 1598 24820 14128 14064 28599 805 1301 25775 1630 32170 30785 31033 17361 4962 7540 2073 2915 1296 11722 19946 28915 5970 2442 21299 11700 
29525 29969 27588 26729 2917 7022 30177 1504 21919 24336 15754 11530 27380 8987 10069 5519 9825 7726 25095 21264 30412 18108 24891 11507 26778 30281 30099 17926 27057 17275 31562 14396 5612 20952 16915 28197 1268 14298 23871 13884 18205 24717 21407 10280 23735 5911 10883 11206 10052 4734 9486 8446 27378 27827 21068 29934 26369 30549 1820 21242 29847 1858 9721 7820 25786 22847 6874 12263 13257 5174 16374 19136 14672 15278 290 20613 32391 11577 12100 14154 18663 4520 847 19441 12627 3260 15951 11927 430 4851 9222 7730 14575 26109 16844 21841 27904 9021 26932 2826 
19736 9916 1347 1425 20479 32263 14170 9022 30112 9219 6519 16996 5438 4345 10406 31399 29706 32066 8802 27838 5084 29865 32481 3985 12739 5538 20902 19724 31540 18874 31407 16223 30883 29760 21671 12672 26882 1387 25387 22668 4610 23838 16934 22339 23085 11515 30500 965 5003 28943 9803 20787 8551 32463 13003 8794 22550 11498 9372 7492 16821 1621 17586 16202 6053 7697 23378 26218 31077 23660 7827 18530 10066 30656 22238 17225 1738 9733 25712 25355 25156 10813 32227 12333 13343 29301 22881 8792 2418 14979 19942 11737 12509 24442 3403 15082 28877 29317 18289 12666 
18561 12900 12051 23819 32710 25116 27511 1748 31349 13083 16679 32484 29979 13818 3101 22697 10492 22972 1641 22925 12605 8804 8528 28856 208 11908 8540 14462 24590 9022 29852 29965 20294 31473 31782 24132 19024 27252 2894 18092 8456 5234 22224 1580 21766 18637 12138 28421 32640 29673 29771 29923 5331 1326 2370 12864 9388 9498 18658 25756 26062 382 28905 24817 24519 18450 19682 29621 10168 24263 26942 26009 5973 4338 13958 21296 31232 2331 8134 29312 17253 20387 27916 13155 22118 22380 12980 21774 32198 7226 17467 5937 15661 29808 13507 21482 30908 14086 24801 1312 
25128 13164 1603 23228 26564 14622 11019 31061 26432 21969 9452 54 8204 19340 16861 27882 11182 15360 14364 22368 30372 26092 19836 13291 11989 21390 17497 26290 31609 15991 31811 25117 15029 24899 16407 14833 16289 31459 1549 21386 3033 19329 17582 2867 31519 31432 22016 20419 7367 20523 19385 3176 28052 22389 14338 29582 4105 23904 26854 23484 5496 32632 9833 6768 12463 31988 25716 24648 32104 30261 19442 2889 9932 29778 11936 6904 5073 4989 28668 26004 14752 17155 779 938 28996 2198 31569 3106 21421 14521 12113 30616 11348 22895 26981 14423 6013 22337 29497 1068 
8606 7072 5499 13339 7568 18163 23185 7004 11828 12708 8673 25196 5618 14995 26576 10807 17142 30999 31250 23900 24318 25804 12433 26173 1293 21587 11496 5465 30936 14920 17848 20990 31186 17169 30936 3797 20413 32556 4143 26773 7059 24535 2836 32522 24931 1487 14869 14521 19901 27710 12293 132 20598 9906 10549 550 20562 31105 28512 16829 504 29911 23031 18737 2463 27592 6885 30134 28337 12906 29603 14196 17369 10075 6114 4781 14459 5537 28704 2327 25014 29254 5950 31387 9543 22076 16095 9373 26838 17945 14929 12003 5470 5454 3190 4249 19465 15391 10025 22898 
28054 10516 25941 28412 19291 31155 13997 6928 1131 18850 26300 13571 10645 4403 6810 1402 30962 6112 8929 30418 22672 7974 29426 23329 26238 25709 274 9543 31718 16325 2327 27059 24982 17223 17185 1117 24531 27478 15793 7570 8784 23779 334 900 20320 6856 28066 24181 14678 27724 7313 26008 32395 8893 867 31959 20853 31364 17183 23286 16412 25750 24194 26264 30158 1242 23200 15158 30732 29769 16668 6619 6301 5163 50 10608 30588 7199 5859 20904 12987 3883 27671 18897 26285 6333 15382 6534 25910 27643 8460 16576 20782 14754 24202 13026 6442 761 17681 3040 
17574 11568 25146 13862 15163 7594 17181 17749 22789 23453 6510 22476 10489 19548 12464 48 11730 25559 25914 17967 30831 499 30674 14912 6612 17527 10633 26397 18238 2917 8192 9759 20654 21945 1316 20968 9301 15659 989 15693 1698 3998 12482 32675 28781 21948 3217 2945 15027 29253 18665 31222 31658 11892 31866 11346 12881 14443 4882 8662 19609 5752 23060 14035 18209 19322 5678 13021 20866 11669 12055 21411 11227 7420 6522 17829 31973 747 15585 14118 32585 315 8672 18806 11522 5083 768 32207 12189 8476 26670 2896 16186 26206 22384 6230 16827 31897 1987 16529 
21019 19443 6149 15295 26290 24569 1542 18364 24461 9764 15329 9170 14035 28946 2278 18540 19819 17267 257 6305 10573 13601 701 14796 9187 25067 27878 3835 30083 25409 29094 15719 22592 2562 27075 23396 13287 25500 5387 24538 24670 24008 5068 30949 18234 11295 18844 1061 1870 7057 13006 19909 23118 5562 9311 7610 31631 27657 7360 18711 26653 12824 7903 17012 4502 16397 21237 22697 725 21338 20420 29725 13841 3379 20152 22602 5672 8318 12062 16013 29852 1271 24762 14583 8361 8539 28190 3688 23518 13765 21430 3164 17058 26245 19407 32341 11381 24234 2364 6356 
28694 22013 10378 7977 2055 5371 6816 12334 25563 14487 22174 10010 15745 6945 3808 24909 32580 28684 25968 30310 30759 16492 12116 1371 6115 4210 16621 17650 28887 26545 22564 1687 13817 4348 23178 29967 23139 10639 16963 12603 24938 10710 10814 11161 5839 7988 24550 28504 3513 28201 14092 26750 25563 7121 30840 10942 6688 6535 2483 6181 14883 28607 23347 28600 6125 20422 11171 20380 16819 7858 12887 26216 18267 8990 22261 21948 28825 22570 1174 17665 25626 11347 16978 4398 31020 11306 12258 23772 8261 8070 15370 30971 2224 1342 9890 30223 29465 8128 10390 8621 
27138 12334 1229 4761 2845 30816 6032 2443 30289 1069 2445 16641 5694 28807 30168 24404 23561 22272 25838 5488 13618 23178 17613 2736 19264 7199 4469 5134 8037 15417 18286 29703 17738 7604 23600 31245 27938 27320 22939 14705 30937 6617 22133 22376 8529 3937 459 8536 9446 23251 31067 6369 19279 17824 6354 1820 6058 22044 11248 26817 18461 6101 2387 328 8480 22287 22605 21527 28977 21458 13485 9558 26974 1196 24589 121 27584 18457 727 28872 23922 6951 6862 27673 23790 10230 16251 24059 5614 24903 2260 30165 30966 15908 8840 22402 10501 25663 2612 749 
6422 27366 8882 8924 31992 27507 2504 20273 31725 31713 603 4284 12270 14891 7491 3000 30464 10210 26530 22301 18524 0 25085 13271 15550 8277 10130 24457 456 20029 6978 6940 2369 23232 24696 7694 14266 17529 4044 1639 16511 5347 6994 30558 17664 19972 22745 7960 24784 13367 26217 18027 31028 28269 19565 4793 22127 1903 13471 143 30354 25615 2307 11637 1326 14116 20043 8986 8738 9323 2197 4989 30869 23501 6198 22114 10836 3143 32466 28604 7854 12293 9152 10053 22938 23218 11386 26758 26204 32667 30804 7905 15897 943 5618 9681 8730 15224 25368 18308 
25036 21739 9011 19386 2827 24863 11644 25305 13396 5007 20027 3702 23479 5230 29481 25683 9835 8872 21143 30891 19895 23183 18128 30104 11640 21997 8782 16619 11134 9375 26268 13198 8096 30836 31454 503 7121 19014 4866 9428 30145 7514 9375 24271 13498 31666 22466 6923 27006 521 20077 5779 21657 6557 2833 14601 7193 30555 4011 14477 1143 30296 15455 7413 16604 26043 32543 28045 27355 18215 21481 26995 17668 6209 16723 8026 2956 24750 31411 8458 21371 16696 7638 19540 4162 4818 5199 14373 17205 5012 10123 16744 10927 24808 1084 9313 27122 29314 3125 31724 
12109 15539 14267 4377 30154 4877 30871 10121 31138 30134 482 6477 14063 29514 26877 25596 31959 28273 20045 19746 28423 20838 19672 21635 12302 29974 24664 19525 1691 6988 28421 29374 26921 1131 30689 6201 13024 26997 8294 13184 31718 32187 14182 19560 10432 18104 20831 25657 22816 29845 22430 13075 23463 19814 31655 9851 17778 2915 7194 30299 20958 13525 21014 12651 11876 5112 7263 8225 10869 10915 29305 31941 19119 6410 24387 12966 17843 27525 9144 13089 310 14980 10635 32084 31835 6653 22396 16881 11046 8571 21997 23942 28504 29392 16594 21317 26428 5653 1110 14920 
25220 8728 20365 10289 25293 15341 25538 18073 6425 14292 2 12178 26895 23221 32339 17815 6579 19590 16643 31535 23767 30917 6172 4880 32603 1451 27999 12970 8905 19884 22161 17109 19630 14631 1711 29128 16353 21670 6846 8078 19539 13780 18886 27445 17349 10232 20157 8183 29885 7869 20060 788 19024 29124 21506 14851 24676 4289 16972 2274 3356 26076 11586 30142 32201 14449 20972 5143 10347 31172 5266 11891 29781 21025 15558 29218 29539 19023 19369 15350 15582 31311 14717 20790 7672 20209 14366 23922 869 13903 29145 7710 14217 23611 30536 22158 29502 25346 6950 10300 
27659 24601 19044 30131 23229 23444 27649 3740 10641 12564 17415 15996 1616 12218 13071 31950 26740 27935 22223 6508 4309 3611 22727 28869 14691 10149 16350 28649 20167 8775 7487 18432 13893 6586 13175 31365 9410 18549 3431 30799 10005 6982 25047 22800 24370 17370 12823 16921 19474 13147 6287 23588 29048 23662 24860 3568 16535 13394 32716 4802 13611 381 32093 31746 2280 26836 368 12127 28796 11850 32260 3120 21162 12989 25012 28774 18358 13388 10559 7581 10382 1468 2972 8498 25216 27744 10365 15327 29619 10015 5018 16163 26388 9531 14 10293 7636 8960 29470 27553 
17479 25109 25715 27306 9397 2797 24213 10997 12113 20023 13459 1611 25832 3926 29107 20881 16159 855 24853 31843 14863 7706 30532 14282 8970 16111 13149 3951 29135 6906 18548 29877 13182 7984 17225 23747 24863 9155 7128 22242 14050 29939 15884 2216 8469 23641 3678 15800 8369 26964 31408 17231 6622 23682 18767 13173 26447 9403 21439 3103 17456 17316 1199 15257 7615 14406 32197 21648 22354 29363 2438 23788 10313 29916 3454 15229 7675 15700 31232 11732 4303 1524 21153 20120 28137 3507 17158 4823 13236 28163 11376 9398 27070 138 9854 28565 817 31092 1925 17404 
4830 15911 22508 4884 17235 18359 6523 21592 17985 32635 2863 17120 28162 12070 11415 2399 31967 27768 7622 19782 24085 31788 31600 32566 10789 29469 16577 25291 10154 14080 13103 22811 15347 17831 24086 6049 12161 13876 20032 16291 17268 5959 1159 13735 26422 22977 13340 4733 18910 9615 12654 15386 17797 12379 23734 21292 23518 14965 21107 26880 3948 30548 4843 28402 1866 23205 24911 18451 20183 11895 26490 1105 6153 19798 25323 8186 18517 1629 18467 7593 8552 20010 13425 22435 29498 16800 29310 25074 31181 27688 26987 29496 28701 8944 28423 818 20085 24077 3459 4346 
6483 30552 15753 27776 14328 1507 22285 28981 31477 11918 18441 32631 24574 27757 16359 2407 21199 26134 18214 12132 5325 31647 4957 7265 6397 12846 11812 22033 7305 651 17999 32518 2242 13892 24250 28421 4874 21730 19153 18160 30661 16625 5186 31719 882 27246 22687 13735 23597 6983 25924 23087 25121 12979 7949 11020 21472 19986 13020 17873 27024 13855 13889 13107 26126 12075 11631 11850 18638 22315 21305 15520 30768 25184 20965 28369 13043 27121 8291 15801 27555 23110 6083 12902 14982 2748 24899 15216 7732 5884 27766 4962 19375 27212 9063 15117 16536 8079 30670 24706 
15023 1146 15597 15152 124 16610 2300 20855 878 6014 27024 10832 17518 3503 31291 28530 14739 24605 16830 14947 21378 2292 27468 31086 1068 20747 28083 6776 14100 24856 25252 3847 17498 30164 1856 27142 26503 2291 1098 3532 18905 19364 13952 21862 15531 1358 11733 8163 2619 30507 6760 30787 32160 30596 24927 21839 15924 6198 15019 13547 3133 2894 20293 23709 31778 9033 2024 30300 15049 25212 30027 4703 4602 15358 12091 9031 20856 32517 30840 1595 11981 308 29846 3861 25423 32612 19243 14073 450 7115 2463 27880 7085 9594 25045 6838 32216 491 667 20279 
13529 21692 20454 6645 16350 9768 4662 5733 27294 1060 29935 1891 27192 9815 15620 31043 13585 1302 21087 12373 26085 450 27964 31486 11682 24667 7499 8353 30675 28825 25061 16429 7275 19256 24735 8104 19003 14217 26812 26800 29472 3344 10445 26921 4845 26058 22481 17233 29457 7484 31602 11283 12916 9843 4112 29669 14798 25677 14392 23335 26234 11764 23629 10136 32471 13219 7936 8196 5844 27389 31639 29100 23512 9013 25715 31361 21533 5265 27218 16724 1613 14674 13242 3428 8997 510 24391 5124 4581 8991 27417 11458 19334 30488 13899 8390 7701 32103 1219 25120 
12828 4153 19099 13432 15299 8778 24084 32443 29046 15883 4914 12129 31020 23372 30408 3117 9206 13400 9704 29193 5959 779 2387 21021 8391 23529 21161 9110 3967 11162 2754 31633 32704 10692 3390 2781 25785 8339 29496 23351 17696 25418 23813 11329 18751 19075 31441 22052 10662 19131 11661 18040 24899 30768 31828 8874 11204 2613 9368 6935 14457 27954 19505 23569 18778 470 9942 6293 32423 3012 3616 16837 23582 26252 27902 15187 32290 18566 8166 31987 18701 17608 23279 11335 17721 20782 3536 17608 29695 10987 5840 26376 14455 17141 14341 9360 4914 11447 23007 16932 
1128 803 5827 24438 19633 1670 17585 11632 9977 18159 5231 14447 3617 6144 23450 8261 4999 31299 24827 29651 30216 23134 12666 29859 15506 12863 29685 3985 5569 10580 17819 28529 9990 9828 23078 17563 20492 8185 4647 12727 15734 28792 3394 5012 25655 24930 19218 12201 8858 20736 19812 29087 23070 28762 13033 2347 22093 14863 10846 30568 26654 22310 25270 4559 28032 13901 28069 3871 22194 9221 12897 24172 23494 16364 8901 6442 190 23550 9028 24697 19510 26644 16341 16178 31240 8461 17093 32648 31765 12303 21163 15538 20948 22341 1249 21557 5585 22808 28379 6203 
