15207 7001 23519 23364 25979 11295 19718 14514 17674 15138 542 14844 29305 16205 29832 6958 31479 7797 29480 32093 27906 27486 28338 32249 13052 28820 30481 9079 11726 29624 11467 30480 20804 15379 27679 26134 18861 4381 5404 27947 5265 7546 5472 11725 6199 14573 15805 30121 13060 21595 
23117 8789 18958 22019 30621 30099 29800 24377 29415 12988 21935 1052 15569 15223 21082 20167 6852 183 10103 2360 23345 25916 7857 22254 31861 893 2554 20620 10165 28943 29756 25485 21739 3578 12451 15148 30316 13730 15673 22287 23545 8783 7080 15619 21329 28671 6948 26539 20988 3275 
17895 15431 28050 17279 30349 18058 18130 3832 30798 12645 2577 12272 25888 4911 19140 6740 29608 5553 18725 4364 15533 10233 32086 20990 30821 5943 29221 18128 19062 27432 26375 19137 16472 16059 21424 9225 18610 8001 27926 2222 25446 25558 25052 2742 10336 12393 21335 18633 21234 20651 
28789 12764 20352 2187 11344 5823 582 23414 416 14703 2864 19221 1912 14399 30346 9666 7304 22462 28940 485 5852 17253 10019 8398 11963 13648 2479 23134 11434 23127 25495 22456 19894 11920 11867 32672 11058 2094 22343 9429 4579 27353 2809 27879 25063 24977 29333 28265 11529 27082 
6983 24979 5776 7380 10148 15814 14829 7034 2487 11006 32225 26201 10236 12209 2651 7895 32416 14980 16009 24733 18153 23772 14262 6229 24919 26163 12597 10144 4433 20511 1442 565 23215 1877 13148 17924 30824 20758 32625 17712 31736 24324 5694 14899 10356 27509 19417 13320 15941 4345 
1648 11561 16413 31210 10224 6153 11806 2587 15609 29913 20119 29831 1101 1526 14701 27922 10939 12274 20160 4065 18915 21896 19939 29377 10425 10504 25560 16005 18049 9351 20174 7484 22973 13382 24148 14345 32383 27513 31567 11125 4610 11980 14208 31034 25179 18716 14229 31123 9531 6072 
10460 18175 6553 20312 9487 806 438 13884 27848 29265 23166 14912 362 3431 28383 3589 29804 23042 12834 9483 21521 29034 6547 19015 19521 10959 2587 26648 12855 24319 31427 417 18714 18980 22182 3077 22000 3104 24887 13930 29731 12351 17831 14446 17231 31922 1283 20999 18203 30985 
13147 31943 17963 28328 14849 17373 636 26457 4160 29563 9096 7892 22646 13753 909 23070 24988 25431 21153 5620 5127 14940 28814 283 26725 30981 5916 16173 3654 13688 1902 13353 6772 5585 30328 2817 15991 13140 31351 7125 21457 10556 2095 27004 18447 22194 26157 32523 831 22788 
26521 12108 30849 23995 31468 31658 5907 29116 9437 7804 24944 29180 11030 32365 21649 6152 15787 30554 3300 30581 20963 12464 30347 8680 17768 18136 32465 8788 9905 3612 13375 13008 15696 16971 15036 14127 8511 9979 25805 4854 26517 9220 15115 25047 2944 15870 7266 19991 9924 26369 
27022 16980 9068 15170 30294 23117 14332 7848 25769 19952 31076 20666 18332 29001 6335 10651 14121 12384 20346 10332 31807 5778 19688 1253 9487 13196 30915 18825 4427 9292 11955 26815 12594 31962 26525 20096 27803 27830 3157 25167 17082 19116 8441 5421 20807 15729 1618 5013 6306 15863 
8630 30069 19883 23888 11840 5713 30580 14883 27060 14850 14581 12590 18578 13268 635 13276 26664 20714 23246 21053 7262 3585 20441 21455 6021 26398 21063 12572 26207 23168 16706 19003 20247 22394 10481 15048 20758 22052 6913 11253 7366 25696 14346 11702 30568 29860 26052 18311 22635 27745 
21872 27732 11667 24298 8823 8612 19333 31735 27120 24531 12871 23421 5570 12623 14809 14562 15901 12185 15708 28165 25514 11518 15107 2920 32018 15477 25605 5628 347 12311 16475 22248 23116 13128 28239 9912 19115 25100 18886 18131 1520 23784 31943 29859 17077 3871 20485 22881 23070 23780 
23714 11039 755 10728 20860 7717 9112 22174 797 1706 18219 4083 26612 17516 26330 1180 1136 26720 13624 9166 27062 25402 219 4034 9015 25221 31660 3930 13752 26249 27584 17589 17558 19870 13995 12657 30657 31524 20601 22952 19857 8186 9072 18023 25267 28942 20209 9740 9832 28669 
2717 200 28685 28009 27771 26036 23825 24196 23560 20154 19508 20737 23128 7413 30985 31089 25562 3526 14799 7039 4446 5728 20785 613 15457 3889 5556 3673 2761 11241 10114 23615 26211 26651 9891 24974 12803 22787 22546 2772 2123 4393 2138 28639 30917 8651 2169 24910 27352 31948 
10378 31308 16034 11155 32384 30020 17099 10064 301 3917 17647 11203 5376 28787 14756 15808 8215 7083 15899 8800 27053 8574 15158 17662 28407 18089 11297 19485 15080 14673 6499 26861 5887 24510 1152 5502 2470 518 19941 17169 2212 24467 25010 23044 8989 8816 15214 22809 9087 11516 
18013 12840 4722 21337 17115 29886 19454 17847 31935 18257 31221 16032 14120 28990 1479 14164 3984 30818 4664 13234 28304 30139 6878 26269 11167 29342 18267 17563 14050 22740 24492 15929 17595 6012 15269 7907 7252 9978 7254 5992 23657 25775 32154 2000 13761 19694 5532 17371 4769 11684 
4584 16121 1292 27951 15340 27682 1467 4415 20466 16229 30128 4020 23591 20386 4617 29265 29783 13819 28023 20936 3945 25695 23933 17603 3218 16254 11046 20478 4635 31520 17810 10516 30749 20744 31675 13017 27175 21511 27559 4701 1060 22181 14504 9770 30223 26695 3419 18078 4461 2428 
29409 21716 12441 16212 13881 5788 15657 7082 20262 27472 14336 16758 20298 15956 25538 24180 6436 13656 6081 22429 15494 32252 8975 23642 2147 25552 11812 28155 10521 4774 20655 24464 8643 19314 23230 987 23884 1052 14885 10391 11248 636 5727 23717 17279 8290 31699 16150 16719 18184 
14359 7445 22836 31285 13736 11521 7378 18473 18413 18200 18051 8273 15235 9224 19065 9015 27331 2838 21766 9165 16720 5330 11755 13086 19373 30080 17785 26879 20809 17699 16155 18104 32382 21888 11395 28 25220 16041 32315 2328 293 13365 19919 21312 29176 25411 26881 20540 8972 26111 
15518 3846 7319 25418 7153 19821 20069 9108 6462 6757 16009 30389 4799 31972 3721 28219 17445 19901 6061 11497 2536 21538 19772 20841 22558 28102 32695 1604 32412 24913 31970 24162 16786 27107 16407 17297 4051 13603 28398 13001 3951 1155 14980 21340 2452 15445 32322 26417 22856 23964 
15259 27753 18097 9352 18718 24995 27833 11467 27355 18907 31625 11201 13999 20494 23558 22347 14915 11790 6588 12680 8985 3598 49 14444 3939 25889 6444 11029 28111 16838 15836 28775 8866 16971 32221 25094 12073 18087 4137 515 30215 21265 28720 21758 14664 19865 9755 8189 24943 19668 
3199 8583 786 3232 2403 26705 12853 26929 23006 6070 14423 14227 27334 18376 3234 34 23580 30216 12270 23836 12093 15471 16075 3253 17668 8555 18480 15154 11346 30485 18263 28029 13926 18286 18942 4099 7057 20462 12640 11629 2404 31274 7020 16342 2212 25719 6613 2477 30607 30257 
7609 7917 15567 3878 11016 27879 24594 1051 5846 9951 17877 9467 6494 26565 16338 32333 26458 11286 20560 8720 23227 12793 15077 7679 1057 13332 242 16792 10178 23962 8662 17268 14681 18215 25348 14257 14223 5440 22582 1349 26656 18439 32027 2371 101 12126 14648 2640 8303 16018 
13251 5500 8944 16592 26002 11217 9647 14657 1185 12998 4087 9448 13546 3999 17280 10525 31240 24824 17030 13756 28638 29417 11666 30340 12411 22049 30811 1662 11336 25056 31426 10890 28872 21650 15192 8856 23594 16242 3331 9632 8015 22732 18427 2226 3902 8667 30908 15628 3479 31790 
6995 16914 8779 16977 4119 17395 11304 10630 28642 17651 20431 6158 21171 16999 19068 17449 491 2834 27910 3712 4354 15541 8032 3673 21770 29009 29673 6379 7431 18235 16945 3867 14264 22836 548 18417 20134 7942 27900 1172 11261 18563 9416 23466 19122 11113 12591 25988 19562 13699 
17585 9680 7819 9294 9187 17992 22105 32526 15179 7359 7390 20834 32705 31028 2636 12421 26106 28514 31890 32048 13540 18595 5162 2760 12945 14704 21353 778 25279 6966 10237 9256 24758 9726 2626 21033 620 14604 1619 8085 27095 13034 18752 14676 25976 1911 2762 7373 3371 25077 
17765 11580 30128 9997 2475 25822 24585 18262 11260 9352 19342 15255 18728 6040 32674 17962 31630 17645 1097 4975 22873 13543 20188 17683 9372 1436 11804 30103 19333 24094 2033 8058 9366 20053 23422 12031 27113 5180 16656 26429 28665 6900 20889 31359 22003 1938 11645 29509 28592 15789 
20856 9612 15803 11644 24958 31668 24071 16796 7789 26124 6080 12018 4722 29164 2112 3233 25669 16953 18758 26253 14363 29122 32612 4775 24317 17479 593 13472 28049 4463 16718 28555 25859 6093 22320 12393 30487 6583 12542 29245 4076 12674 32759 25803 10388 3459 8794 17066 19435 4424 
17397 24785 1096 18081 26983 1888 22802 68 18216 23041 9473 17181 15507 14675 30392 19959 15666 32706 7207 29909 11099 32730 13245 8301 8010 1908 22527 2635 15193 21636 25021 8396 1397 7488 7978 6805 19931 3421 29523 1484 18529 32470 1874 8122 16584 18853 10662 17457 23021 6649 
9020 1544 22004 13879 10033 31037 27223 13717 8436 20654 26445 26005 20518 18921 12703 10992 14461 26357 14871 4844 5859 20608 25456 23468 23576 30262 22652 19732 2959 7483 8239 22999 26342 14953 46 15383 20444 22784 25244 20880 13146 32227 29525 1469 4427 20106 24626 27784 30386 534 
19191 10524 3076 25049 27115 16085 17777 16528 8079 24616 12664 14635 1620 27347 20178 3983 32151 7228 2514 161 7365 12910 15037 30548 3083 16928 16361 19098 5026 14605 7434 5294 10936 25838 6471 14952 3368 31939 17455 3043 17463 1026 6335 24113 16223 10837 21594 21882 31953 3862 
4486 29895 32242 446 21813 14006 5694 20887 9302 32344 5940 31761 31670 5202 24482 25417 32460 4288 29225 30938 22740 26650 4922 12438 15692 13122 31413 7075 29750 16786 18194 32383 16604 6275 18890 32507 24660 7755 32481 27208 14251 7011 31553 15694 9212 22369 28936 7852 12664 12359 
19333 4356 30894 24768 16368 28018 10702 9431 41 28198 2045 31116 15754 2652 16728 9215 20914 6323 26379 13836 22627 7082 27794 24078 16432 1471 17284 7083 24031 29925 13784 6273 12070 8538 10725 29713 29102 27788 6442 13413 21810 28867 2080 8032 24578 24008 14388 12452 3266 28127 
23933 22270 13734 19467 8976 9279 20782 7181 20302 26896 31378 19893 4774 7137 11853 10695 24983 23812 14174 3789 11816 4344 31914 27591 32235 26123 4904 23136 21882 29906 10362 8885 13208 28532 21044 7570 17138 7095 8247 13358 5212 28826 21264 20159 7302 28121 3485 26382 1703 22319 
5988 29340 18655 22265 25514 19679 24268 29663 939 10892 20195 1151 21401 30701 9692 25864 14994 13419 4845 24970 2110 27027 16756 9909 27446 32748 32544 9182 10336 24754 947 21322 15293 500 18630 3877 12028 24559 25860 18156 6896 4992 1838 9056 21786 31468 20776 23614 15657 18951 
6181 22033 24388 6017 22857 16647 29050 28420 2267 23174 16069 29111 31403 11971 4524 18996 23622 26365 8484 19153 10964 226 3551 15293 16507 7857 9716 9424 25820 20623 15772 16928 13473 16300 23661 13758 12023 24831 28562 22926 6471 22207 6232 2559 21466 31157 22073 6529 708 17559 
57 13918 24014 9363 30690 23562 30630 27647 9799 11578 24803 30418 32273 31964 6518 16714 28615 15262 27803 14610 31190 6002 32314 31316 31429 8017 3065 17107 17058 5291 5644 30746 5751 25656 6759 15650 24584 28429 13296 17484 3271 28677 9899 26741 12488 2171 4905 27870 11326 17420 
3488 16969 29824 27179 7732 14044 14272 7565 13239 15310 21787 21146 24494 32146 26118 23451 21643 12112 23012 815 1419 10552 8424 17613 25266 23316 25150 32248 27674 10674 15702 6888 763 15708 26674 17764 4878 30494 22166 28254 11128 7145 24212 9981 24848 8211 27122 15140 7598 21327 
24910 9331 11285 6305 11995 2564 22709 16824 6320 20926 8654 14178 27252 12215 22669 4683 13606 10696 597 4806 18933 28311 23347 32740 6146 15444 2345 25772 12225 18872 598 17575 443 5983 28651 28231 30608 7827 5082 6256 16604 21422 2596 9759 18392 7001 25430 27522 30314 5614 
12448 24929 31073 597 10083 3538 20024 30928 29500 11000 19200 7137 7516 30286 20188 24988 29656 14799 28305 23788 3159 5774 12432 6860 20420 9966 23358 12700 28043 7425 7464 6509 16221 8471 22922 3486 22502 15780 21294 16416 9959 30973 16258 29665 19657 28305 13883 4310 6550 2651 
31154 8119 26221 7124 3582 30745 8709 20806 31946 10349 13679 32326 29442 580 12238 27451 20984 29889 20687 3852 22894 30170 10352 15152 16733 14887 15098 31461 12113 19793 1205 1822 22473 29373 29870 26788 26404 20689 4627 18373 20029 24309 32146 21237 10833 15604 25457 31339 29082 32534 
14715 7120 5429 31625 4334 19586 31528 18373 16088 20789 13295 27464 27504 6071 18204 25188 30744 17031 10854 7254 11971 27253 26321 18948 13784 24858 27959 25288 2641 14521 21805 19049 31752 3498 29902 16494 27050 26337 607 5294 16998 18368 11182 6613 2578 2739 25391 18294 29524 28588 
8001 7021 24975 4854 17544 21335 21540 8729 14241 24231 7104 9516 6609 6023 20007 25545 26598 6805 4570 21403 3869 27170 17544 31824 21985 32750 16491 2470 2795 29038 15145 31755 19958 7010 13031 6903 13603 17959 26455 12179 8965 16851 17983 26020 4369 23764 7257 4499 30559 30569 
32255 6451 9039 2258 16978 29383 28239 27432 8157 30283 30080 14470 1289 30861 14432 9689 31118 18978 29731 19493 1987 4152 24783 16689 29997 25727 26076 16672 28122 19245 15700 12802 5562 1030 18196 29565 2754 24946 20463 3189 25949 7414 32042 5328 10919 32713 3169 32105 32386 17365 
8576 9936 18291 32646 19874 32366 29539 19192 21504 8247 19844 10141 5706 18893 1618 19411 32635 10497 31034 19513 32042 1374 17079 5296 80 27530 10490 150 9559 23283 31645 13872 16406 2154 1217 17301 24805 8735 32445 20620 29012 12551 27114 24877 5578 12610 23539 26951 9188 19984 
6572 32756 15368 22063 12540 30224 4994 10691 2712 9862 28395 20017 29574 1562 23194 12397 30969 8639 11372 28163 25999 11725 19615 11629 27654 11359 13864 31938 6876 4405 27365 1906 22253 29379 18646 10987 4424 22977 901 8876 14099 20421 26508 17313 14347 31352 11517 8210 5661 18296 
18851 20644 24401 23191 9756 3942 32068 20733 7772 640 15301 14028 12503 26600 22917 23897 14025 5317 6745 29113 11751 9595 20208 31165 25207 31098 3921 26210 25527 26913 18265 15444 18302 22419 4126 32067 17449 27900 8411 416 8132 4069 22851 20893 5128 5495 26272 19684 22798 18503 
30501 4133 7950 17273 11618 31659 7622 27252 20800 879 25322 30062 8889 14139 9295 10203 3269 18489 11823 14368 24507 497 11330 27297 26273 28180 28347 23052 19055 21492 7205 20019 32763 25969 25779 19672 15166 10387 6421 23595 8569 9637 31354 14127 12149 16723 32465 11531 30429 32085 
9039 17706 12426 8405 10771 21414 28547 6598 23360 15769 32206 25463 4574 24023 32074 25138 13574 865 21901 8182 29395 5281 9802 21908 17348 4921 11135 3261 6042 17704 4128 16879 10784 9214 4907 8597 12742 6629 3231 31419 17398 3256 462 2112 24180 19141 6824 11256 25941 30669 
21958 8275 2071 2473 16614 8478 32408 4876 26844 8928 16626 20231 31807 24537 12416 29393 13491 13819 26357 14712 2788 29107 3259 2905 26200 1595 9317 1533 11801 17900 14557 3177 10087 3582 1414 595 14948 27727 27984 28091 29966 11369 9425 30555 7156 1562 21103 15856 18792 510 
