9420 14910 9723 3047 16736 6104 18162 5757 30743 8359 8691 14356 21180 17942 9848 21184 22974 15657 16848 16754 16707 8217 27415 2061 17047 24905 3410 29179 28767 11425 3499 21792 10041 31762 20470 10435 14929 17129 14043 22203 24979 29610 762 14115 10667 24354 27714 4168 14608 29815 29732 8251 17812 6949 6572 23263 15372 29723 14572 15910 18409 4684 18572 14656 32541 14490 7768 1987 11936 9956 20278 10161 10182 19069 12060 14262 928 6508 13246 27991 556 25693 32168 22287 24725 787 23815 18385 24819 18299 5501 4840 3979 17718 16912 16709 7689 1376 25799 8166 
4807 10471 20176 17059 17287 3686 27751 2669 17088 29977 3733 32278 21910 17531 23035 12708 30606 13196 22609 20703 22836 27506 3166 24844 22842 13821 1275 29593 28461 13201 948 19147 24002 14226 25352 4542 20227 14225 7189 21183 17448 17041 31547 8722 12710 4640 14106 31125 30615 32140 17618 1848 15399 14686 20473 5485 13507 10115 25620 20900 1917 8402 14478 31604 28856 12953 4929 24880 21949 8234 13607 28786 26234 26660 1936 7283 14123 31307 28706 31136 400 19724 23179 5877 21236 29447 22511 30308 25157 28458 10908 31914 27912 25135 21339 21783 2565 26423 13131 8519 
21078 21821 21968 30695 22734 20031 8305 31621 1002 30630 11809 21280 18339 30607 2370 32118 27370 20914 10652 29255 22385 25133 15314 5768 10804 28817 30451 13691 25622 30097 11413 7719 13110 14078 6473 17345 24048 1315 23872 322 24791 14547 16502 8356 2539 11490 30955 3296 13665 28436 12070 4109 15625 20082 515 15041 17419 12496 8501 27767 31541 26223 7557 28858 13724 7382 15150 24997 32393 9581 19330 27078 13798 3638 18661 7036 4005 30898 13307 17872 26215 21137 22525 23593 29031 4100 13420 14096 10850 1057 31388 7109 21127 18988 7686 25756 12482 12432 11244 11114 
19260 18921 12712 10292 30881 27982 32515 18672 21540 32517 30265 30603 19679 17096 15762 28979 24561 4184 3068 7104 30018 26230 22677 11452 9809 2774 3320 2723 1941 4974 1673 1898 24048 22236 9134 26333 12756 20596 8332 9157 32142 5172 12387 30913 13752 28741 16198 27554 1069 6187 24536 6480 5883 26038 3317 24392 16284 31796 7296 26094 24621 26360 12382 27388 14223 11833 28576 20200 232 26127 9876 29864 29037 8826 1577 18650 7 22508 19861 23769 27905 8892 2905 1515 10188 10542 5514 22372 6441 3846 20751 12019 28985 1416 1922 7495 26820 137 25408 19934 
25346 24020 31423 20778 31476 20149 20995 23116 11091 22510 12353 7246 19373 24956 29881 13552 4434 21668 23804 13123 6087 29831 23703 14930 22735 8950 21767 21285 28229 8911 11790 22227 4507 17534 27225 31655 14532 12134 10304 14904 17901 32634 32169 24520 30859 13445 12759 21397 14755 9290 25362 9383 3976 11142 10889 6316 15936 31694 22320 2443 26611 14047 10103 21977 13810 30703 3096 22379 30812 9335 19488 8925 8843 18325 23334 3329 29726 25179 8706 23144 4796 24143 30389 6042 3196 11104 4139 29315 18094 20660 32235 11586 14614 7366 9114 5084 31611 16877 14322 19209 
13494 29458 22922 6250 10094 23171 15497 29395 1197 3671 30387 23336 6197 19921 13496 19530 2669 17216 19029 32347 16523 4186 23537 22756 23361 19229 6979 10174 1976 20581 237 22621 16701 23659 23484 8011 26188 14808 15412 19443 2401 5294 31006 10274 14155 533 30250 9587 16515 1271 27125 4734 21222 26226 30700 2337 26266 9657 21775 29906 5884 6190 9711 32452 11459 17778 31308 24098 29479 27695 30213 8281 15796 12751 24747 2064 8802 2329 11547 21692 29459 25065 31399 14431 2296 17520 24595 14070 32167 29164 31464 17195 9418 17359 29099 14454 15789 22318 9352 32057 
11449 28194 10953 213 821 16541 14306 1171 26222 22539 538 25349 2006 28128 10635 8609 21923 22144 8457 5931 12368 25335 30430 29958 23548 2428 16914 4116 32392 11495 19610 13425 5314 10088 11815 8333 3417 24039 29291 32705 8578 8649 2722 6805 13072 1167 22969 32558 11933 15738 4998 6841 2566 16759 18409 8582 21880 18188 31069 5822 17945 17516 26315 21845 21302 11122 4399 7595 710 23305 20913 21643 13801 30305 20337 4189 15829 28183 26808 13629 5275 8550 26582 21806 7214 5916 14269 12806 419 17579 12659 27574 18739 7082 11973 7160 12403 6417 19769 12730 
20101 8006 18464 18387 8419 19887 25637 28288 26614 20726 27569 25940 11261 3488 28308 20823 12865 21586 27655 11456 11223 3391 221 10618 2726 18107 12196 3952 19337 22373 3303 9983 32475 22492 20492 2029 7501 23789 1367 3575 31427 19262 19374 13037 15757 2159 23123 9067 25152 17632 26776 14990 18154 17631 32403 138 24678 10555 32749 20642 31198 12848 14774 3400 5306 15358 23361 27694 3980 1852 25271 1150 31995 23733 8083 10614 11619 1465 20915 14549 2972 13607 32610 6004 15535 14318 31301 27509 19400 26066 15653 20149 4037 31267 13491 3828 21089 11720 27485 12895 
32457 11687 4785 4162 9884 24191 27707 23617 16010 9777 23803 24146 8615 7884 9203 19668 21184 15368 16396 8066 17104 25320 26725 11963 27194 21230 31 12648 30152 27851 2536 21726 23465 11622 15439 15883 21460 32679 14725 20103 5467 6710 13435 9009 19945 17698 16674 11655 19893 32503 23632 10650 28124 2658 10911 24042 30677 18063 21985 16510 12675 7892 15020 263 23202 21323 3434 3839 27491 32312 17028 9043 513 28720 2199 14602 29030 2661 13940 1168 15367 5869 1473 8530 4535 5916 24841 10969 22742 6921 17449 14108 32514 26676 32594 32652 27460 20444 27942 28112 
8693 30963 7772 18664 32753 1195 18919 9718 27559 29628 16276 23191 9155 13457 13721 16188 30727 2235 2728 1710 357 27559 10805 28519 18437 22884 5220 16329 18163 14428 12632 22742 31615 1426 23269 22414 10609 19102 9487 15192 7644 2219 23509 30323 16731 17367 20840 737 16918 14373 27497 7905 18059 2201 30971 7385 24250 32314 11284 25836 14161 4692 8311 18705 16582 24367 5734 19099 10392 7789 22634 11159 23834 23229 116 19755 16787 26185 12097 26259 9181 18472 22543 17146 11976 23893 26315 29654 32621 13629 2845 8181 26008 25817 22373 8317 19845 26449 15630 13186 
991 4893 2369 31516 32687 29435 31589 17695 12373 15384 15740 7838 16137 32447 3558 26860 15734 351 9297 29470 21810 28673 25536 3047 12687 21027 13160 3290 6266 3185 20392 20437 15160 24653 16736 7321 21373 3335 16136 30458 4250 12355 10668 3483 29831 4143 26488 2836 29260 16467 23721 9882 306 11632 16071 341 26854 2445 11636 804 16684 1567 18308 32038 7562 4400 13965 506 6778 12815 21481 29521 3592 30188 14359 26584 19533 4566 16434 19714 4236 18365 27957 5024 25710 1306 8290 1721 13441 7472 22491 25206 26049 10431 25180 28991 14282 24897 12337 10555 
26049 6728 12744 12343 6306 11859 17399 14897 11592 12665 7546 22674 17330 29495 22510 23574 17230 17309 8016 8572 19825 31371 3196 17753 12899 25686 30158 14976 17684 6936 24863 10801 9174 191 26527 8644 17050 31077 31452 1657 13149 5049 16440 13777 16939 6474 21971 19697 19176 3125 12321 5312 28523 7918 11110 14293 13547 16680 19137 7666 31087 19289 14507 23075 32408 18803 10866 9845 6589 20319 7316 6387 459 25351 6079 27774 24115 20976 28189 2173 15918 31233 21706 29492 6617 23387 24929 1713 20076 23638 18503 31565 5442 10508 1989 17838 29817 10588 1038 17448 
10384 1896 21216 17868 27113 21260 0 3165 14015 14838 20756 6663 30211 8891 5197 278 30109 8669 11688 22746 3415 17481 14492 9988 29053 11649 19917 13191 10360 27783 5335 11326 18685 22386 11762 283 5314 6744 13396 6307 20132 19901 3821 11552 26981 21693 21352 25764 23144 26595 7709 8744 12435 23341 2490 18386 2149 26841 21803 5788 27617 13492 10155 19306 12050 12852 28243 8140 8563 2772 26512 16016 6862 489 24541 28490 7321 17401 16252 11788 22049 6278 9165 31158 8389 17983 30190 22337 9212 32646 16615 27144 30679 9447 15958 2928 3934 7821 13326 14163 
11962 13176 22979 15741 15536 19493 32512 4218 25308 28891 8761 19184 8596 25376 3674 29703 20063 10986 30196 13655 21396 3456 11160 7383 10112 23641 3841 19949 20131 13633 14031 14665 27341 19197 29800 18808 3191 7041 1646 10660 21262 22355 11109 27055 5571 29151 26998 8439 13719 25656 1668 27249 7254 1066 21034 20310 21762 12706 4718 21098 14771 12231 30318 2083 20276 26630 9625 1961 30095 12365 19812 25037 15721 7191 16018 1068 4460 9408 19422 28511 20318 26310 14860 328 31157 6139 8499 17869 18644 28316 1792 12998 32238 1227 10162 5127 6004 29263 27701 31097 
26578 31731 20253 1531 20907 10023 21429 16001 2495 5179 11837 22752 542 31973 16457 15953 21547 24990 6776 16859 7528 28240 5352 16123 30721 15521 2760 23627 31870 4418 12340 15284 31548 19303 22707 15906 6989 6572 25684 15601 14380 10957 344 8094 11121 23877 3244 22800 6688 3965 4971 31115 27759 7974 4140 22408 31352 13861 32526 12724 3475 15523 32649 2015 19357 9962 1543 15487 2213 4779 24396 7595 22808 13103 30645 30409 13920 12459 13439 13574 27396 8783 25039 29629 26676 4091 9997 15634 28505 29815 8039 7637 21503 31645 17875 13139 21193 30351 7835 1447 
4705 1385 3682 20969 31470 11132 409 1943 7609 22924 15657 32058 4252 24203 24575 25618 30616 7633 19400 12334 24473 2059 29977 24798 10960 14437 32178 9043 8855 9562 21763 25822 26725 9724 18394 14915 9924 4784 32026 16428 14322 2568 27278 17328 6722 7183 30609 618 23349 10959 7881 1503 24159 13205 30594 16636 16512 2609 6479 9535 6340 31304 416 9730 32667 29054 23857 10111 29037 1977 24097 3878 6004 14785 21887 1164 27379 30215 32585 16783 10919 12195 11686 228 31307 9781 14798 25808 29661 4229 2257 3890 7721 27218 15 11019 24145 14326 21728 16972 
14582 1804 5453 6678 526 1768 13294 9469 1126 22207 27599 27370 24570 24816 14188 19988 2997 28861 4667 18078 9905 31176 18831 18221 7130 12988 13972 17728 24377 23773 23620 25122 2992 14901 15876 4233 799 12485 18929 2617 12003 1873 7888 1228 1420 700 3840 1699 743 23748 14152 3939 13043 8466 12670 24507 29032 23004 14189 14827 23082 11262 28717 19812 15765 253 15742 28675 30619 31423 29337 18934 32527 6642 3515 17839 9970 13076 7032 25190 19588 8690 3784 31034 27405 478 22314 29682 21181 19390 15222 18094 25508 31163 16927 594 1875 32728 3266 1896 
22853 14824 16880 10807 26160 2842 10837 21256 32514 27486 19758 21415 21262 28974 17397 20757 3528 5368 29022 32113 13070 12908 1299 9773 9109 4660 1206 20466 16218 2779 10016 21516 27307 31714 7820 12535 20974 4939 30546 9618 21981 13285 20827 31004 23027 17935 3001 31573 9477 30908 10966 31189 13942 10195 12338 6120 27529 8454 15130 128 20191 17617 10513 14653 20661 26561 7676 15785 14418 3030 26131 12469 25420 23362 11509 21856 4384 2929 11706 22817 18114 22878 4606 22871 22029 5784 24292 461 23113 4087 11416 24905 10415 657 25574 24711 15191 24094 27463 14651 
31381 15144 24354 19450 12571 14468 4456 4069 9591 20378 19558 255 7733 17699 29621 13951 10511 19562 6063 24586 452 22831 15748 12375 26482 1628 15265 25239 9306 23567 2706 714 4505 6965 19553 8607 29046 16836 15442 10527 9493 10791 21190 31241 6113 23790 27921 11376 6178 15248 31202 29405 18626 14870 9750 16368 7886 1289 8346 17984 14868 3628 32606 17504 25793 2575 13724 10477 24026 16688 30739 17102 15576 99 24612 31947 4219 4998 8102 13692 6441 326 22055 22241 11659 490 13422 2273 15348 19856 28788 19612 26757 28215 14448 20668 26366 5855 25135 31733 
14656 22610 29562 9774 18995 32062 9523 8382 4577 28117 23943 6361 18438 621 18073 6461 30195 21282 25507 23170 31072 317 9495 27332 32622 18091 31241 1423 22724 8058 26190 27335 8804 9194 1506 29631 13791 22018 19096 6924 29434 27868 19521 13936 18505 2691 18685 30478 13576 7093 14096 1037 12920 32129 24329 23330 10017 31180 21614 18810 7003 1748 7534 16042 8853 31323 521 15659 14989 30128 31079 18210 25529 17321 21243 29573 1602 26453 4894 22517 29859 865 10902 113 10156 5292 31794 8113 19926 14054 24323 19381 6408 6993 9990 6563 11689 18285 12172 22738 
2508 21514 1966 1491 12860 2850 29824 14842 9659 9417 19989 9031 32436 23529 30976 18305 14184 17007 1643 30976 14933 4803 9803 19691 28430 18655 17659 9208 26207 14565 32145 6324 26588 12135 17797 15020 15156 14298 4242 453 22044 17604 30407 31058 17382 18953 32264 5032 27038 7579 21684 9572 30571 16687 1811 2029 10265 24613 27960 28280 24212 20837 28884 458 10380 23949 8368 30450 26739 24912 29047 3607 27053 29678 29351 4696 10409 16104 28287 24439 1554 13342 28801 504 25550 405 9933 4267 5573 16172 12465 27432 342 14511 20449 27362 8549 19130 29090 6768 
12684 17300 13104 9118 9174 25107 2902 28581 8257 24062 30206 18027 8309 16164 12583 3320 27256 30746 20194 603 25540 13590 11831 32708 18078 25344 30390 10619 1843 16878 8691 18953 18195 27978 31112 26091 22310 16301 28423 32502 32249 24561 16893 31285 16915 29716 1333 3519 4887 22728 20498 17909 24349 24513 11845 14128 8747 16768 24545 820 4187 18425 14206 25063 22970 2670 30097 29509 24030 29377 6535 25213 1319 14111 11931 21019 31786 10586 10428 29064 19018 10720 28534 20996 4030 31468 28142 22325 29258 8906 18121 25570 29861 18729 20463 9477 8475 1316 1424 10797 
4586 23737 21936 25485 26242 1295 27615 868 6687 31226 25679 4291 7157 25496 5619 1696 7498 7854 9112 5924 25772 17573 15546 14183 14402 4391 29856 31451 8097 17673 26525 3423 27299 9414 18052 27208 9462 5711 4893 961 1864 9356 8872 21021 24901 31733 21006 5115 16725 5038 21693 27957 21984 20265 32381 10005 10880 3249 880 443 14680 268 21209 28351 20501 32425 20987 7667 18133 2644 6716 20058 11136 6145 21075 25985 17617 5497 11440 10999 6032 20784 5040 11753 16085 14018 23995 31053 8946 21758 22438 4176 19543 7711 30956 16648 17229 29502 11473 10866 
15432 18220 21871 31662 13508 19635 1776 22457 13395 778 26902 7962 31173 15211 21719 31177 20636 17420 1252 27971 23908 16443 1130 25794 14985 14423 15930 10497 14731 6446 11009 30136 17579 28472 17641 25047 9751 21636 30866 3279 23736 31922 11691 1822 12191 24552 10961 10163 16465 6183 21134 23464 20569 3219 17656 2729 7959 29437 8725 2372 12971 14549 18555 12114 8303 22489 4014 12722 26663 16697 28899 6064 2448 23747 246 25578 19772 14937 20635 10830 27845 6859 18595 12620 17604 28461 18737 4303 29242 23728 25634 9325 6063 10414 16444 1351 20093 20355 27317 4254 
22924 18524 17269 21444 1069 18732 3662 20701 23106 29660 31127 31689 869 16519 20327 18783 4763 10739 28193 30565 4840 6699 19685 5005 7317 11293 17408 30465 3860 7229 9679 6354 6999 1543 20886 23349 30499 23552 6373 8463 7040 15081 7050 26002 26276 12743 23246 9725 30834 16192 10924 28510 32550 5407 6054 6710 11878 30284 24770 8027 19503 20256 25026 1382 20578 18376 30798 13945 27245 31537 7605 26345 25656 27087 19763 17335 32143 25855 792 174 27776 27254 20282 13152 24471 6755 26650 29974 30486 29184 1588 31890 4488 19072 24361 23196 5291 10380 5468 25312 
25872 10372 31681 16404 24577 5672 30592 25609 480 21640 92 15025 28272 19019 16863 16113 25871 3426 8460 3197 1683 26399 22376 13389 18879 22079 17841 6511 31271 31273 27389 2052 7895 19630 32212 28957 24167 8269 30962 24703 18686 17159 21175 30264 22083 24452 16995 12866 3819 20646 7754 648 31270 30026 20425 24679 20195 28334 25755 30521 4059 21256 16135 13961 12988 557 16061 20391 18080 12950 3796 22108 11125 29095 26431 5867 16204 13587 8691 18885 22502 32129 28868 1694 3310 30584 14486 31987 26238 15110 16254 16570 20070 13303 28289 2566 27055 26158 6783 2039 
18730 11481 9424 26240 14773 7696 24846 6028 30446 9087 3113 31630 31002 24791 14341 27428 26855 27072 14219 23668 19668 12307 23822 6338 24520 20343 10481 24020 14943 7942 5369 23130 9544 9351 13949 14503 5249 25842 23984 53 4203 4714 2087 9770 28590 22304 30779 12206 7723 18051 12303 17097 31581 27770 22767 28075 14330 23227 10481 27570 1513 7643 16395 6597 27595 20028 23362 4519 20493 14843 21677 5377 28347 25271 27870 8142 7909 15085 17099 4754 16983 30288 15626 8770 24693 1088 20809 27516 10945 7171 23623 7031 30914 6795 31455 3012 23603 11783 17840 13417 
24211 2955 25902 751 7350 2197 29833 10307 22200 14481 13647 10487 18325 16165 6734 10432 6134 12542 20371 24274 5184 1123 24770 11565 19973 27297 18827 29307 31541 19471 18013 16014 25903 24761 8581 28899 16340 30354 30946 20800 23232 15380 19875 27899 11894 5292 13918 5637 14729 18366 5964 29700 18819 13584 13840 10088 11516 252 1643 10557 30544 26403 28085 11757 32394 1786 5606 30866 31744 23384 3471 11780 15861 22680 25242 11989 30393 955 1946 11597 30843 9059 31296 31072 30465 9833 23121 23824 24445 13035 6925 6427 16344 24122 11909 25165 11657 23319 3783 841 
17648 17299 21198 7766 16172 19723 2759 19812 30968 23469 29431 4565 14122 24537 14283 23252 26060 13967 10501 32077 23304 18716 4862 9073 28770 28803 31862 16975 14742 2381 31084 9880 9883 505 4149 14233 6358 19911 29246 7916 3262 28575 7337 32596 1633 11657 10049 19419 27817 6966 7141 11844 18546 11019 7414 26213 20292 14679 505 29969 20801 11719 23844 5989 31884 13425 15459 28216 15599 3255 30093 4811 28545 1760 18556 11066 9984 13124 26992 218 5635 28472 16528 28234 20195 12500 12318 5898 31233 3623 21450 28118 32765 5296 4834 8185 11211 3714 16922 8511 
27679 9345 10873 31611 10425 19319 22198 21432 14846 21064 29962 1048 10153 32097 32262 23684 4357 26469 15159 8805 12625 30182 9594 25236 3247 24191 32206 5882 30453 20457 17294 31680 8951 29400 6793 30128 29024 14971 23650 12557 20892 3336 6397 14407 19030 4454 18459 27638 7179 9574 29624 20495 21694 2168 13768 27272 8194 3102 8913 13483 19613 26874 5920 18812 27914 26494 30720 28358 14894 32751 24998 27327 16947 11751 25429 31975 26925 27483 5521 29379 14049 9966 2997 20009 19031 4029 17446 20401 14358 27048 28091 21484 31097 32350 6799 28602 14049 11896 15095 19770 
6391 5945 16040 1633 18764 5298 30992 23400 17291 4823 12565 30994 1998 7381 24294 17028 11472 13658 31861 22620 2680 9854 85 1109 7392 30670 16206 16929 8233 17834 26918 1194 13220 25103 5862 20310 901 1461 22711 21127 21240 31935 2539 26810 26104 18592 30381 21333 2250 21134 18035 1214 17227 32491 10200 11355 17688 206 15826 23941 4500 5039 7788 1516 19246 29279 28472 4624 23962 24298 9447 16974 28883 4918 7544 7600 11955 1480 9747 5242 13151 17788 4043 9504 1847 28887 5978 7346 4066 23752 30670 1069 20507 20019 22606 30290 17654 15561 28555 13771 
20588 9042 18055 5724 3457 15329 31188 13264 4998 472 26027 28149 26857 23473 823 18713 2574 25894 23339 3726 26344 29060 1343 27953 15856 8760 27713 6107 8850 19098 7622 17165 10714 4606 32438 13616 5007 19274 18898 2349 25229 28765 11636 27810 1823 19499 26254 14589 22431 27297 12254 31184 8081 11017 17277 24402 22164 1238 20284 2005 5693 23765 30066 14500 4864 9262 2438 28765 11411 11712 21784 3834 340 25063 28187 1703 1297 6105 16248 3296 16600 23678 1239 4308 25232 3672 29321 31902 4335 3707 22716 25740 14318 10694 22352 1378 9753 27988 22708 13618 
30020 9386 8556 3680 30752 15656 23530 26196 29083 19178 25489 21934 5238 9621 9329 28845 3098 25701 15389 20184 3937 8413 12087 2521 32192 5479 22896 17961 11084 26635 1426 5659 17751 21391 13714 24338 29497 21037 25488 2164 9909 17447 2276 8247 16750 4548 762 28090 19188 1930 23973 31302 17006 267 4887 9092 28262 21466 30106 31842 30741 11014 6764 99 18637 13846 792 19784 8566 3876 23418 8074 3512 24893 1700 14442 2078 27644 3045 25773 13955 9111 17373 27641 26985 19327 27690 19648 12789 24164 19228 3233 11798 730 1627 15397 6023 888 7666 6369 
3371 21428 22548 12320 15553 4931 15957 20840 31803 9482 11163 17540 10120 6710 19083 6359 28167 26194 17353 3628 9731 16015 24145 7009 9763 29889 2042 484 2141 4025 28543 3957 16015 2959 23188 15546 10764 32505 7676 16239 6169 3049 12461 18242 15414 20354 27104 5513 28545 28569 10999 22516 15397 3283 5121 715 9124 28484 16548 15270 4115 16114 7091 28546 10252 11630 29608 22557 30749 377 23287 30461 1856 24599 16803 4522 24012 962 16860 29024 32090 19369 1693 31064 19725 13596 20495 8397 23409 8146 18100 19500 21064 24050 12861 16366 19311 25176 10313 23095 
12091 6507 5098 6367 7908 5415 922 4084 18045 6735 11977 26815 20251 32539 17733 26875 13539 2402 17994 17677 21710 6142 19851 23240 19024 10178 18538 577 9191 29229 7594 29455 9556 18522 11933 4127 21160 3064 154 6585 105 10658 17120 11133 13888 22337 7558 5992 21195 14232 24328 20332 21070 32609 12216 30224 26066 32754 22124 10270 24337 24849 19213 6613 30022 3322 25123 14522 27387 25601 4741 16840 22980 15274 13488 16414 22099 6800 3798 9073 27663 16671 18519 17439 26765 25432 14752 2143 28952 12898 8735 30581 15665 5007 31885 20419 6395 5801 21992 22965 
28481 28636 22607 9789 28951 14160 4961 5990 3056 2209 6156 10036 1399 27522 3165 24515 32378 2393 3595 20691 3304 11513 22797 2795 11509 6613 4471 15514 30609 13886 18099 22218 31652 12816 3288 3584 13448 13682 20891 14716 11051 13326 18895 9375 13488 20330 12761 22641 9270 29569 317 7139 22891 3274 22706 24720 22172 11299 4191 26428 228 6380 2828 9760 4941 32504 2624 18528 17097 13506 14196 22908 23132 25901 30236 17619 21817 19895 12960 2300 16859 18953 17945 19748 13379 12800 7615 9531 13024 3504 23852 18216 10186 27912 21922 9200 14501 9558 22692 15755 
4026 18954 20094 19130 28312 16239 712 29902 13290 23274 27182 28936 23203 20042 18003 30492 27103 12798 200 19644 8876 26174 15180 28215 2469 8097 3331 17366 4596 26785 15918 19353 11870 16266 32570 14238 32394 21131 25777 3679 13430 27424 18451 11961 25396 189 29109 31102 28489 29241 6345 23119 22029 23616 26573 17674 27426 12169 26406 21314 16739 4130 11026 20024 7760 30080 28557 30160 22979 780 27579 27186 15421 27270 2101 21197 16345 7880 5022 24170 8158 16570 26479 10848 32282 29803 16663 6098 18477 19904 17980 16039 5963 31991 23005 19027 17576 14838 30597 21639 
26229 25622 4897 29987 25848 31273 27262 23053 16565 28573 9328 21545 8790 18003 30325 4678 2083 5818 14169 20948 32341 3846 3375 32600 7120 24780 22129 2247 24276 22759 30751 12 9331 19306 11824 9160 32343 3105 8173 1233 4285 18813 16015 30794 25176 30486 24264 28296 11460 11323 9089 13540 7699 17526 7169 16389 8565 8759 26060 24355 10379 15359 13130 29819 17393 31866 2990 28562 9314 24910 12933 4036 25318 21181 21134 27264 21792 8018 29496 10588 11626 19811 24845 4352 9986 12858 15024 14474 21808 31171 26718 20971 22962 29924 10367 2496 607 24016 22738 2926 
10730 27878 18290 18597 11092 12790 26140 26031 28995 24029 10560 30188 20022 22821 7323 25873 7205 31655 913 31602 31784 32474 3368 2679 27766 24166 22755 31455 21376 14443 4093 31833 8896 2608 12388 11227 3674 30494 25720 16977 15281 29543 11027 31245 5100 28191 24279 26353 13045 9069 20086 9931 19187 18996 2462 15588 20500 11325 20972 30688 16269 31603 24609 21068 7351 5533 1911 24817 12486 10016 9261 30031 27202 25663 2445 31261 13918 17567 23999 21525 28338 8458 11834 31355 12325 29419 6670 15626 11128 575 4341 11398 10291 28026 15166 15124 19906 21317 29784 30684 
2964 24642 10614 9330 9899 2481 20105 7015 8753 27646 15115 7526 2839 32054 26730 21267 20203 31568 6332 31059 31557 20287 32135 27990 14401 3260 25028 11337 5783 31473 22680 27171 19394 26404 6733 31256 1936 5771 31334 10105 20195 3351 3830 2028 3462 2329 29978 28151 32239 12484 15389 31779 666 13687 30362 22958 32706 17131 14446 28449 19254 2916 14973 27797 24150 11222 2516 19760 21108 17352 9843 11706 19798 13132 20231 22790 23540 1258 28938 10405 12322 4091 14024 30552 26395 31368 3498 16302 11286 15837 26402 1310 663 8966 3747 22042 31623 13837 12777 22076 
30787 3374 28778 5999 23805 11465 9547 9555 9130 2903 24972 23662 11847 5070 21497 31954 32102 572 2775 32556 17344 13776 30117 15588 12076 11532 22752 1907 5648 11459 14016 16775 12643 11665 1144 2779 30678 30921 20416 19636 7271 24760 11234 21499 29755 7664 8282 27672 28513 6645 29748 20277 8295 7215 473 27197 15164 29613 15572 31112 16136 25418 1051 32752 2431 1607 14039 31410 18902 23467 7399 27517 16180 28669 10793 15561 29561 4552 28107 2262 17545 27229 12191 27220 25165 28465 21403 21386 13235 7916 30080 18687 9780 18057 8181 18384 31609 10864 25450 11981 
6628 11975 22847 15204 25265 31350 6810 13409 24186 22157 3481 29880 9632 7609 25396 13062 29128 31654 13096 10811 15682 13998 23724 19728 2441 27567 6514 17829 26885 20203 17359 10047 23597 16539 22550 30107 23401 10086 19884 3784 14833 31835 6734 32539 10450 27798 23414 13261 1257 3533 27052 2050 8355 28114 19207 26986 14008 17230 23602 4537 10514 26270 31495 2864 28058 12088 18254 31063 20226 18803 1224 23136 2501 16741 8936 13301 27514 14220 15612 11364 16540 9513 28709 5323 28456 20183 6897 5480 26773 27597 13638 11824 27755 12696 13921 13207 14137 10657 5298 8418 
15773 28642 14588 11907 9922 25318 28461 4957 20077 13562 24658 5605 9461 20613 10102 20131 19038 14874 16679 25806 8051 23705 27585 19493 6897 31606 8455 25800 14595 13431 23508 19918 24433 28783 22925 15429 3838 17681 3355 22505 27450 10399 10190 18775 18879 24932 31653 18258 26828 25493 24653 1468 12245 13726 12449 24865 30285 5159 10615 4348 22660 29508 24681 4206 24722 21094 29844 26346 12581 24688 4267 21337 9799 28421 29040 3035 3153 31674 27554 14713 31384 22590 12704 12248 30174 10811 8707 22605 10507 30106 26812 7272 6441 3500 24782 28881 12431 26905 3981 24648 
8194 3483 65 1887 10073 25471 6953 3103 18645 12912 21575 4183 1756 28504 17526 8168 21086 14935 26309 21267 5202 15475 18481 10946 3883 2428 3986 22344 6545 17630 8422 6318 26211 24655 31332 19630 21975 26904 7766 836 13221 24939 6767 25895 9668 26446 29043 3511 26890 18886 24949 26413 1726 28169 27406 26389 19240 3801 7956 11925 6878 27051 21295 7135 27146 23535 3783 27542 18424 8839 5469 26576 13850 23723 5476 1630 25969 2505 6841 21332 5021 31493 23454 24579 22381 20443 27867 25659 26022 5174 31679 3242 26220 14252 1215 15850 20896 7347 12315 22086 
23857 15197 28326 10653 9608 25292 8864 10560 27137 15691 32343 12632 5148 20117 27975 133 12013 1097 14465 300 27111 8374 17622 14810 4203 23181 21507 4927 23761 2114 8969 27381 4653 12291 16101 6943 1540 15837 11602 19838 22783 2024 13348 15231 29050 14431 27216 18444 5363 24240 2365 3277 9626 19518 15695 20016 165 17082 15660 974 24048 6854 12529 26674 30235 13921 1919 3243 22213 10889 7838 19455 6593 28971 28434 24662 2205 28558 929 1424 19018 25859 15204 18802 731 32526 28130 7396 19732 932 27256 18229 20909 7924 15018 18592 6664 14321 15533 11918 
8851 14043 17789 15257 3910 2534 23870 17956 16092 32410 5602 22322 13924 11629 7954 8966 9210 17270 12649 516 19369 22871 479 30237 15884 18607 3379 18771 14134 1435 2679 6484 13626 24788 540 7722 10555 2563 20447 7566 19914 29718 13586 652 11546 23415 22922 15516 14035 9848 3765 21664 14250 2947 6923 15983 3023 30353 1886 29788 5935 18083 13035 25685 8514 20923 11405 26214 1610 7036 12112 30354 7072 31877 10302 19569 20451 4465 27428 16139 22206 30125 549 31519 23767 28827 4627 25904 3923 23726 1163 20527 15277 13856 7640 23195 15174 24536 17169 8523 
23695 13926 18021 4934 17053 27184 10683 22393 6221 29314 16820 8218 14208 15003 3340 10461 5617 4102 11457 24616 27643 11228 6640 15476 19672 24858 22942 25926 29258 17285 18239 23100 3112 7773 18520 21598 2962 29195 15191 17766 7143 14510 19580 17172 18950 14012 26789 29687 16583 21163 5171 6689 11124 10188 19726 2357 5183 32529 25122 7359 17062 17474 23783 19872 27304 23225 27151 23255 2275 21184 6713 27520 17674 22441 15974 11595 26156 8549 10699 6297 22754 2379 30992 15378 20848 6383 8715 8391 22945 2527 18833 4822 22489 3946 21957 20993 31896 17633 8758 18238 
5649 10447 12358 27884 20785 21712 27064 22897 24815 16162 7916 23380 25051 27291 31563 18341 4688 10656 19128 11410 24722 11866 10662 29781 29698 26429 14525 17355 13509 15734 9173 26549 19072 20730 21142 725 1549 19636 7835 16204 25128 3416 14016 9054 32255 8745 925 27823 4981 28717 26085 3881 8520 10988 17091 10354 8438 10083 25403 21102 27149 26535 526 4259 22911 6807 8046 25615 30239 25609 14544 3107 19657 32692 20521 2772 4800 4796 13766 20307 3211 17981 1220 7396 8809 26435 16229 8794 22100 17424 15210 903 19308 30098 14711 2741 31294 8261 27690 24784 
13685 4497 8069 20078 16427 4679 25998 8587 23121 681 11255 4257 8184 22822 29684 29968 20392 13552 14533 5226 18543 25136 31354 6117 6714 9488 21771 763 22729 21508 1082 5319 29786 32328 12938 32080 15409 13236 9659 6075 16907 6675 23726 6737 7937 19797 32100 31099 29465 24690 2787 10272 6131 5333 25978 17953 32034 32490 13583 12206 24684 18402 3099 19652 9662 262 2032 27381 19771 21820 14028 9242 28728 52 23330 29257 3321 14350 20614 13402 17545 15256 13634 22278 19301 1338 20699 23066 7237 16878 26197 30736 31723 18093 29550 390 22987 18835 27126 14405 
15022 23689 15422 6890 11839 5309 31173 2371 448 10456 12905 18381 17333 23149 32742 32660 3284 12542 26640 27586 4441 26004 31674 14318 2818 6530 6895 4719 4148 13450 16011 26122 4228 9796 23165 8560 20785 7668 28945 25547 22047 9230 27329 4632 11017 54 23961 24821 26248 20773 12600 3192 27801 10849 22888 3302 28726 19671 8126 12019 30638 24130 10856 2871 21635 24833 7473 24242 3108 29081 8129 24398 25890 19187 6906 29600 6068 24603 7065 23340 13386 11148 21931 26307 16742 4554 8537 7608 18226 7174 18858 28970 23676 28840 17025 6396 15605 17652 31315 17200 
30340 15420 3548 7143 22799 14166 276 23270 28367 4086 17565 8576 25373 13462 24452 15949 12159 6346 9924 29948 12104 15359 9890 22563 26169 2305 18583 29899 20477 1727 22655 24250 8862 20546 20074 14513 31262 22745 26562 15412 25185 7127 18996 29336 13784 24985 16344 21730 6827 22749 18111 32549 18892 31647 31636 21902 20541 32515 23814 25396 1339 3028 17465 18395 28891 2310 17636 399 4051 2346 3969 16817 21340 8739 28096 29030 27888 26687 4724 29270 9603 8521 14293 25719 28763 1193 16873 21284 12061 12803 16702 11024 11587 3892 28989 22698 3777 7974 3820 202 
9179 27371 26252 25287 22614 20648 16635 13427 18039 11515 24264 15586 25776 12196 6007 30101 4966 11225 20360 13922 7528 31412 22302 6326 26515 27 12536 21186 29170 18399 32383 3818 10949 25374 31048 14070 22447 7663 21576 3500 26887 27209 17445 433 19802 10452 15650 17227 15383 16363 22264 1431 17204 278 31745 26879 17954 26460 8276 18600 7035 28792 22126 30782 31184 6497 32445 26245 15211 16703 794 27430 17151 1868 10427 16364 4677 17755 1346 16499 7425 2813 12522 9033 4273 12864 19180 16032 12257 11743 7170 20449 20752 3403 32222 6617 29082 4631 20186 22339 
27182 13312 25015 27911 25305 27883 19510 1427 27989 1357 16131 21594 12828 32330 25038 14099 19431 27856 10586 5538 10096 19535 28874 17015 20010 6807 23053 11530 1596 19560 15394 20315 22724 31393 32417 4882 16708 165 12786 12488 27388 32456 20429 27152 16185 18612 16620 31568 16074 11664 29480 8451 13155 15576 7567 7118 25439 25799 16852 23743 5556 28106 5949 8458 25579 26795 17531 11262 8627 4979 20742 10058 28677 30975 13946 4780 11271 17 24945 30556 29916 13612 12985 17454 7538 9404 32304 22446 30746 5682 7379 22209 15515 13340 10154 14465 29035 5940 9254 24631 
5689 8849 24173 18624 22425 28198 9049 8320 5189 5187 5108 31925 30044 4526 13486 1422 18747 777 5362 24684 28873 25328 9293 28432 866 5255 26420 10302 18297 32043 23087 17328 8668 8893 23800 30738 18683 10739 23579 31197 19411 29562 13731 15347 30565 28775 3089 26573 28080 324 3346 17029 21813 10769 10758 19149 21861 30082 19980 24046 17414 29550 14507 19314 17765 11900 21248 1603 2443 26884 21922 1143 8593 8784 32022 23980 12112 17214 31894 16504 14763 5919 4557 27225 8460 23204 18534 31478 10929 21668 18398 31904 694 9623 30096 22667 23895 19124 22430 16073 
3696 24355 25996 26261 19968 28873 27264 20757 11477 32054 30855 22045 31571 12107 28182 921 31626 4652 1694 23716 5526 6981 10480 4041 7022 28571 4144 1167 22701 12941 21279 6126 7639 30756 15781 19251 14457 13868 22811 19778 10838 14862 26533 13645 23839 17781 18859 11564 11921 21395 902 30658 26533 192 13777 9983 29491 13753 10234 16216 30832 31214 13391 136 14017 32381 26567 3126 23290 13080 31907 26160 32555 23325 32001 17670 19112 6049 13175 11993 6669 15614 7478 13445 10692 24091 21016 22045 12853 2322 24947 11123 28280 14430 30653 6227 27586 30994 32598 1380 
9796 26488 21653 30756 1418 906 1537 28862 3147 16573 2926 3660 10803 8913 334 31732 783 11008 9305 29100 9681 13182 9535 5077 6825 26999 3715 28258 20397 15035 21139 6754 9188 21740 22875 7449 25697 28441 10469 18584 28991 15338 31252 30031 1319 14427 15057 30081 4254 12401 9983 6465 23550 28628 21396 17432 30410 2244 9832 22002 7079 20002 10732 20549 20962 16433 8046 8631 4300 25094 16298 24834 12043 24498 19609 30111 20017 8603 15935 22725 32273 6490 14682 24870 5027 29491 9315 11812 11128 17126 22385 23447 2709 27436 4105 25857 18091 6876 15491 15986 
14922 8290 21729 26973 29854 2532 18295 28669 13361 2782 6210 18288 15963 10037 16233 11285 12788 15566 5213 26273 9176 25210 31183 20280 1803 5434 31806 28860 16555 1794 31767 27491 30188 25936 23763 8200 16951 23437 27217 8885 20318 21422 5896 3721 31088 24379 820 22267 23188 9614 14640 2867 22113 22001 19472 5753 24514 204 27685 26798 3933 5205 32167 158 4878 30330 15017 22577 28945 12762 8722 22622 22581 1250 24824 4848 1276 6062 18363 12810 32010 14938 1497 19937 16197 30294 22638 20656 29896 16932 24787 9471 21750 23479 1546 21050 3168 10683 28870 31024 
2531 6574 979 3766 1632 26888 12190 14432 27263 10913 17619 16263 18320 8322 10491 24456 7528 25697 30176 3946 20212 29875 10072 18941 16846 14015 8456 30053 15799 12463 7651 545 13534 18866 14488 28199 18529 6354 32428 31335 7555 6396 20400 32417 9300 11981 1797 23657 8231 1419 23389 5365 12602 17062 3569 28076 4308 1773 10259 22986 11396 11650 10797 3117 29501 12672 15398 8524 6650 9335 11224 23342 3173 15860 18274 2471 23138 26740 11817 21276 21427 31229 11129 6982 5705 15047 19498 32068 5897 11877 27983 17974 3219 1828 7589 2212 3879 28802 21548 12926 
4888 29922 16976 4661 22991 27040 8247 25794 12199 9653 26162 13033 10446 1177 29526 22838 17740 2187 22553 13004 19651 20208 12105 12063 22837 17146 22309 13440 207 17844 7679 22689 18970 15170 20918 10669 3248 31232 27029 13359 6981 11301 40 21930 11918 26302 1003 12000 26473 6434 17166 1239 2071 24322 4226 11415 14824 12535 31512 27425 12949 2587 19587 5286 17409 16816 8672 8976 23748 15544 16857 7726 14104 24915 17913 22448 31458 23660 6131 6378 8565 8584 32662 32406 28831 22510 1242 18486 14899 12385 21952 296 22679 7772 9474 9432 29157 13653 11077 13412 
19480 575 18360 1197 31428 955 21222 29016 26359 20020 8983 15204 4777 24470 30833 32462 15128 26436 20753 26041 12485 21 29439 7829 20087 9634 17131 6762 30695 14841 6626 5546 8155 4855 25021 14879 21991 26292 27284 24437 9234 10366 16088 9131 17416 13710 8925 24115 20086 17237 30161 18745 14286 9710 15510 7661 13128 13082 32196 26059 17259 12780 7104 22376 11970 20503 16728 9694 8505 26247 3390 32636 21458 19477 9503 26348 27549 23403 14005 31093 30751 5385 25214 3626 20570 31769 14772 3111 224 7012 23726 18104 14300 26085 14678 29591 30431 448 4104 18401 
19977 31598 9153 1444 31733 29718 16070 12697 32673 71 27388 5441 5252 21806 8040 26320 7589 11929 25186 8641 25829 24919 1778 30146 30125 4280 29985 28607 30373 4754 2104 8635 28743 16232 6827 10595 14457 25952 25251 27100 31966 8447 3557 159 21151 14733 7841 3829 18046 16508 10200 11550 9411 2923 11492 9619 4674 21901 30661 16616 4287 10668 595 3323 16011 9179 24399 28587 17171 3660 10765 19131 27647 6685 30176 30715 4022 13881 15116 18235 14499 22220 14622 23171 28884 15443 14191 7449 17925 6443 16475 8489 25511 22224 2249 30518 6169 21215 11373 20269 
12756 10155 31289 22206 1694 6020 8442 28437 25316 12919 10362 24237 22888 2280 4767 29330 831 5686 7067 27848 8997 308 14857 10953 29051 24405 14682 1103 14662 6397 26034 12497 8949 16050 27638 9250 24457 30943 23329 18964 6187 15155 1624 30684 10072 19407 11633 8360 14371 25261 20626 6499 7054 1304 27301 9304 3231 25277 29892 2572 7090 18927 6702 9277 566 3875 26442 31239 6725 30424 31703 8076 16841 26736 4240 8918 2088 21615 13755 14528 19178 12252 15132 5335 13621 2967 26439 21909 5613 78 3128 30649 30241 21799 31414 25436 16846 29663 24605 18566 
20478 23648 63 2143 29297 3414 3687 31695 15299 16843 16665 29021 8720 20086 9510 26032 25587 2352 10882 10011 4883 14781 4781 20252 22281 22298 20330 9195 8988 11176 30930 24492 32419 20506 32029 6487 14349 11223 5897 6193 26331 25535 5427 719 12538 27510 31023 17840 22484 7898 10820 3637 26399 32424 18174 18884 21906 23568 2025 30984 3634 29869 9894 4798 17130 3950 2752 28382 14121 28017 6733 11184 29175 19169 3865 19727 16213 9446 22028 11777 29386 9526 30339 2460 16937 23113 29567 24671 14664 12804 25720 13817 11132 30144 22490 594 11286 25652 10828 24063 
22699 10623 7864 22088 876 16467 22330 16211 28866 22631 18869 29604 20281 18076 15844 18407 260 32333 8311 10930 21380 5913 6511 11237 20642 5776 19071 29714 22113 16089 9053 8482 32191 27410 14143 29826 27068 12778 10509 14193 13606 17201 9626 15421 6868 23279 12767 24884 15454 22246 15656 2455 9260 3718 24242 16006 29015 16848 20284 16013 5229 30929 14537 30309 30712 4121 31792 4478 4680 28581 26279 27358 20613 12027 31069 23029 32212 30251 12697 32626 29988 14213 32408 18288 26832 23842 15434 14280 7251 6249 32425 19513 12549 14233 10046 11030 28485 6004 14615 17190 
4771 23957 30153 30699 20347 24347 14299 21692 20469 32630 21128 2620 19833 23525 7407 27407 4540 18181 28119 1823 958 2699 15694 23549 25057 11453 1111 3799 16807 31373 30394 1517 28838 28724 24764 24101 10742 7935 27030 17894 11023 14477 10897 2661 25826 19491 22099 12718 3500 1066 16076 30938 3040 26723 14614 7641 16458 24525 12189 4548 28953 10752 1683 12289 7806 22740 21251 9021 23362 17324 28574 16719 10549 11964 14637 31452 7441 7833 11049 4300 7317 21491 14725 25023 16261 14784 17075 2852 2208 26501 25428 11670 6795 8898 12752 20432 23104 2359 21509 7811 
10249 998 11576 28072 24197 4728 32607 14040 23750 1701 25464 22773 26799 27621 23965 28030 6703 7073 31055 21551 18371 22226 16693 3823 25999 16602 22428 16046 18823 24974 11622 26182 29051 32728 11955 22595 6248 10131 24352 12682 1153 22996 22798 28829 9899 26597 12932 6245 8014 29545 6852 12133 5489 27004 14316 4501 3556 17241 21499 5166 6090 14513 30953 19959 12992 24097 13119 25474 16969 21793 9718 2604 29580 2203 18428 10057 10009 25860 10555 11605 32376 2913 30703 25416 8641 3433 26102 26090 9034 20905 31220 18361 11462 32014 29484 21290 10117 22777 4910 25766 
18408 30434 28461 4989 9315 3098 8629 12834 30349 7881 20472 8457 4002 18227 9993 24706 1554 31224 30452 22291 11403 15766 5527 11394 27959 32634 11103 28910 19564 5512 12375 23201 30269 9734 30793 12411 4603 30573 22338 28447 29703 15503 19941 3725 25527 3370 3727 4401 31484 19466 16463 31427 13416 23632 25838 4989 14687 13663 10641 999 27151 18581 17708 19332 32560 10373 7765 29692 5237 5611 20014 21495 14142 18691 19532 26290 2897 8331 11340 4868 14612 11715 12116 6302 28924 9173 23083 15497 17387 29922 7677 28981 6862 21512 11369 13693 6698 11835 10412 11237 
15186 8148 10993 15669 27139 13514 24283 16469 17898 21759 16342 10941 23807 11616 13068 22871 12935 26313 23247 2010 25598 4325 21118 22556 9859 22934 21384 15464 20607 5129 5129 16821 1345 377 17996 15541 16011 30830 21804 16603 31927 25504 30900 17129 9497 11337 17783 5619 6159 8594 24959 29019 12996 17249 7366 4914 17509 13647 2092 11517 15059 19341 8164 21151 6152 16432 6617 18331 8195 18863 17355 3211 30764 29145 27588 28076 31072 8934 662 8606 6212 7623 16472 27014 16491 3998 26138 2608 29170 21758 24158 5917 10689 7583 32033 18192 19495 22485 3057 3283 
16412 24586 24735 12130 2965 23208 14984 29675 10908 6289 27094 28347 3748 20829 1895 20274 23753 3752 10416 14156 21116 25813 22019 21024 17076 10249 1426 29043 19729 25561 13948 19079 4877 32003 17306 26035 29977 18272 15641 29894 14740 24466 26324 9357 7030 21940 2842 20243 12351 8493 9057 9248 658 12916 4547 1677 9043 24079 8671 25626 20050 7394 28391 10461 2937 13335 24417 4608 17744 25497 17751 32549 1860 11826 24003 1526 82 1784 23019 8997 10982 31728 2031 14365 15632 15073 5669 32462 23885 30979 20162 18270 10376 4335 12168 3271 7450 6412 626 9191 
12607 6903 7711 14365 8480 21206 25869 631 9496 21496 10559 9829 23506 4241 853 1268 6491 9218 31224 875 22288 12588 32438 9078 9970 11009 30348 5647 16825 32388 32150 30335 7280 16530 6636 29596 13150 17400 4885 18926 21167 31560 31601 16721 27749 23284 5545 30875 24225 2760 18123 13299 29776 32741 15087 10675 22297 14131 12363 22194 15349 22540 3181 11704 8106 7069 28641 11179 3662 17395 28886 1867 20506 30456 29990 12030 27710 9435 16299 17857 22142 14505 2310 32134 12199 25641 29465 5856 21930 26144 24678 2852 5525 8282 19896 5978 12335 20977 10178 26959 
2791 16575 13238 6792 13663 29196 21384 26538 11186 1564 2070 9141 8367 15472 22994 29324 11793 13910 29102 12329 28433 20954 17106 13144 4164 18116 8426 29719 13455 2822 4589 8118 19648 21728 1795 4861 20208 19926 31637 2826 2690 8126 8347 18290 22830 3858 8454 10671 6809 24193 31236 6735 4618 30988 6548 20209 9584 18036 804 28046 28348 28876 2371 27019 510 9253 20431 8736 13187 22324 8926 7156 18078 8470 31330 23186 20727 28215 10217 20282 12205 709 27358 11170 32585 48 12474 18793 25553 16821 19622 25146 30629 19540 12898 24891 24808 15999 16886 5164 
17498 20074 6602 23328 24077 18930 18761 21959 20815 8383 17574 19918 11209 15578 6917 17611 8502 10250 25442 4300 31679 20246 28037 28141 5159 2237 32380 3917 2838 22546 9578 2152 12570 15507 1978 3258 27597 29396 25517 12168 15311 8594 28533 28896 18215 6963 20743 20360 17988 2867 11546 23988 4891 24727 28226 13618 18267 27993 32121 4409 8481 26334 7478 18285 23902 19223 23227 21664 2574 21724 26533 3649 8429 2750 14844 16274 22625 19235 15177 22440 17062 12635 26931 16628 10877 29480 22116 7749 2328 3426 15403 29047 5552 6895 8631 9064 23783 11647 14360 10696 
11328 17904 2420 21368 29042 20373 8542 7219 16960 29899 2216 6623 6826 9252 1673 28593 30489 20319 8354 1568 2830 27743 11420 20023 2450 12128 28617 28444 16331 22849 15103 14767 5810 30591 278 19863 25402 2367 13283 4985 14067 29321 21119 9229 4216 8255 18187 7676 15751 26234 15705 7447 5912 6045 11406 24322 16051 29997 25684 8051 21912 9595 14503 30094 20156 13721 19177 30979 17117 23278 5567 1593 23068 32197 22023 19970 7598 1535 27049 25231 16413 16309 6351 126 13021 12283 26431 7296 29815 13949 18997 30639 13919 27548 26246 23304 1795 12851 2189 268 
28359 24799 7613 24421 6712 31799 12493 32278 22322 25665 556 17547 11029 12209 5587 11857 11945 27016 20518 22928 31976 1589 5640 8713 30563 5557 4129 31727 30406 16075 26555 23288 13266 10809 16906 22599 9076 4777 7685 8598 19521 2965 22302 9739 28044 15439 18426 5312 21044 30485 17919 31975 28234 11744 7590 26709 25403 3686 18330 24967 26400 3509 21248 25550 1460 11859 9971 14398 9191 5226 19246 22208 11407 13212 21352 18406 18332 10708 20912 11110 19237 6074 30389 11972 23054 7239 11580 2229 9585 6779 10937 14275 21467 23582 20480 14365 21884 23439 31138 24651 
9220 26696 27903 885 20149 3406 16769 6106 11336 12743 3300 1921 18767 27959 25434 6494 29126 18083 14408 16245 25887 20918 26028 17191 11238 14556 27850 23817 28344 24140 2191 21080 54 29213 18230 24143 25169 19689 4880 1216 29523 27742 17918 605 31141 14110 24481 15158 12912 19395 5812 18999 32719 17550 16589 528 17468 28828 4254 17670 22757 23450 23444 29716 10546 32762 31796 22127 18627 4513 21725 5454 4682 23533 18076 1849 12674 22829 8890 4481 13598 11837 7379 881 10984 20203 7236 24134 5965 420 20201 24234 11402 15271 29257 12002 5997 25189 7326 14279 
14745 22641 25697 23540 18721 1010 26545 22850 9422 14607 22283 2353 31809 15771 26222 31630 17473 22746 7005 14425 18650 6552 145 1538 10906 23319 15802 20206 19442 27330 26404 15014 27929 17051 16920 7643 86 8808 25901 18469 29107 7124 20433 21819 29528 15108 7460 1820 25672 13356 10122 25340 1649 23968 8298 15425 12483 14112 7084 27896 405 3376 30401 21265 24515 7079 3258 2447 22853 31698 620 9046 23653 19963 4141 2510 9101 1299 12372 21495 2880 15374 26724 8157 10158 13706 25323 23659 15128 21401 11608 9273 32310 22604 8368 19101 11658 24415 14513 8469 
10311 18797 12414 466 17506 3711 27519 14565 20139 5211 26844 17906 16009 23870 14620 15892 18517 6241 9411 12138 28568 19653 5459 10178 25748 24786 24483 10810 3316 25688 6022 10519 24717 19411 18105 6437 1690 32474 24553 15404 11370 20344 32419 5323 16032 307 4316 12401 18492 14795 25079 13976 22282 4724 15282 21052 26528 23444 22806 1011 10651 6491 29000 25322 22650 746 7531 25583 26543 18492 21993 27293 8539 20347 21749 28317 26057 7663 24725 68 12267 30662 12908 32669 14753 1907 5945 24932 12111 1649 23927 3951 797 27020 11139 6892 20794 28078 6361 15688 
27938 8891 17296 4471 26608 5556 14675 22668 27642 13488 6789 10520 16847 26947 10110 5203 22686 21455 11053 23176 13955 8337 19797 15442 21307 31772 4182 15183 32564 23173 25467 7976 7679 6791 27996 26723 17844 10550 31262 12256 4519 3768 20464 8092 6247 703 17445 11560 5483 10688 12072 17307 14266 2577 27098 2154 21075 585 117 5869 5723 12273 15740 32219 22520 26622 10743 11741 4676 6865 4154 28298 27366 25320 32353 1598 24820 14128 14064 28599 805 1301 25775 1630 32170 30785 31033 17361 4962 7540 2073 2915 1296 11722 19946 28915 5970 2442 21299 11700 
29525 29969 27588 26729 2917 7022 30177 1504 21919 24336 15754 11530 27380 8987 10069 5519 9825 7726 25095 21264 30412 18108 24891 11507 26778 30281 30099 17926 27057 17275 31562 14396 5612 20952 16915 28197 1268 14298 23871 13884 18205 24717 21407 10280 23735 5911 10883 11206 10052 4734 9486 8446 27378 27827 21068 29934 26369 30549 1820 21242 29847 1858 9721 7820 25786 22847 6874 12263 13257 5174 16374 19136 14672 15278 290 20613 32391 11577 12100 14154 18663 4520 847 19441 12627 3260 15951 11927 430 4851 9222 7730 14575 26109 16844 21841 27904 9021 26932 2826 
19736 9916 1347 1425 20479 32263 14170 9022 30112 9219 6519 16996 5438 4345 10406 31399 29706 32066 8802 27838 5084 29865 32481 3985 12739 5538 20902 19724 31540 18874 31407 16223 30883 29760 21671 12672 26882 1387 25387 22668 4610 23838 16934 22339 23085 11515 30500 965 5003 28943 9803 20787 8551 32463 13003 8794 22550 11498 9372 7492 16821 1621 17586 16202 6053 7697 23378 26218 31077 23660 7827 18530 10066 30656 22238 17225 1738 9733 25712 25355 25156 10813 32227 12333 13343 29301 22881 8792 2418 14979 19942 11737 12509 24442 3403 15082 28877 29317 18289 12666 
18561 12900 12051 23819 32710 25116 27511 1748 31349 13083 16679 32484 29979 13818 3101 22697 10492 22972 1641 22925 12605 8804 8528 28856 208 11908 8540 14462 24590 9022 29852 29965 20294 31473 31782 24132 19024 27252 2894 18092 8456 5234 22224 1580 21766 18637 12138 28421 32640 29673 29771 29923 5331 1326 2370 12864 9388 9498 18658 25756 26062 382 28905 24817 24519 18450 19682 29621 10168 24263 26942 26009 5973 4338 13958 21296 31232 2331 8134 29312 17253 20387 27916 13155 22118 22380 12980 21774 32198 7226 17467 5937 15661 29808 13507 21482 30908 14086 24801 1312 
25128 13164 1603 23228 26564 14622 11019 31061 26432 21969 9452 54 8204 19340 16861 27882 11182 15360 14364 22368 30372 26092 19836 13291 11989 21390 17497 26290 31609 15991 31811 25117 15029 24899 16407 14833 16289 31459 1549 21386 3033 19329 17582 2867 31519 31432 22016 20419 7367 20523 19385 3176 28052 22389 14338 29582 4105 23904 26854 23484 5496 32632 9833 6768 12463 31988 25716 24648 32104 30261 19442 2889 9932 29778 11936 6904 5073 4989 28668 26004 14752 17155 779 938 28996 2198 31569 3106 21421 14521 12113 30616 11348 22895 26981 14423 6013 22337 29497 1068 
8606 7072 5499 13339 7568 18163 23185 7004 11828 12708 8673 25196 5618 14995 26576 10807 17142 30999 31250 23900 24318 25804 12433 26173 1293 21587 11496 5465 30936 14920 17848 20990 31186 17169 30936 3797 20413 32556 4143 26773 7059 24535 2836 32522 24931 1487 14869 14521 19901 27710 12293 132 20598 9906 10549 550 20562 31105 28512 16829 504 29911 23031 18737 2463 27592 6885 30134 28337 12906 29603 14196 17369 10075 6114 4781 14459 5537 28704 2327 25014 29254 5950 31387 9543 22076 16095 9373 26838 17945 14929 12003 5470 5454 3190 4249 19465 15391 10025 22898 
28054 10516 25941 28412 19291 31155 13997 6928 1131 18850 26300 13571 10645 4403 6810 1402 30962 6112 8929 30418 22672 7974 29426 23329 26238 25709 274 9543 31718 16325 2327 27059 24982 17223 17185 1117 24531 27478 15793 7570 8784 23779 334 900 20320 6856 28066 24181 14678 27724 7313 26008 32395 8893 867 31959 20853 31364 17183 23286 16412 25750 24194 26264 30158 1242 23200 15158 30732 29769 16668 6619 6301 5163 50 10608 30588 7199 5859 20904 12987 3883 27671 18897 26285 6333 15382 6534 25910 27643 8460 16576 20782 14754 24202 13026 6442 761 17681 3040 
17574 11568 25146 13862 15163 7594 17181 17749 22789 23453 6510 22476 10489 19548 12464 48 11730 25559 25914 17967 30831 499 30674 14912 6612 17527 10633 26397 18238 2917 8192 9759 20654 21945 1316 20968 9301 15659 989 15693 1698 3998 12482 32675 28781 21948 3217 2945 15027 29253 18665 31222 31658 11892 31866 11346 12881 14443 4882 8662 19609 5752 23060 14035 18209 19322 5678 13021 20866 11669 12055 21411 11227 7420 6522 17829 31973 747 15585 14118 32585 315 8672 18806 11522 5083 768 32207 12189 8476 26670 2896 16186 26206 22384 6230 16827 31897 1987 16529 
21019 19443 6149 15295 26290 24569 1542 18364 24461 9764 15329 9170 14035 28946 2278 18540 19819 17267 257 6305 10573 13601 701 14796 9187 25067 27878 3835 30083 25409 29094 15719 22592 2562 27075 23396 13287 25500 5387 24538 24670 24008 5068 30949 18234 11295 18844 1061 1870 7057 13006 19909 23118 5562 9311 7610 31631 27657 7360 18711 26653 12824 7903 17012 4502 16397 21237 22697 725 21338 20420 29725 13841 3379 20152 22602 5672 8318 12062 16013 29852 1271 24762 14583 8361 8539 28190 3688 23518 13765 21430 3164 17058 26245 19407 32341 11381 24234 2364 6356 
28694 22013 10378 7977 2055 5371 6816 12334 25563 14487 22174 10010 15745 6945 3808 24909 32580 28684 25968 30310 30759 16492 12116 1371 6115 4210 16621 17650 28887 26545 22564 1687 13817 4348 23178 29967 23139 10639 16963 12603 24938 10710 10814 11161 5839 7988 24550 28504 3513 28201 14092 26750 25563 7121 30840 10942 6688 6535 2483 6181 14883 28607 23347 28600 6125 20422 11171 20380 16819 7858 12887 26216 18267 8990 22261 21948 28825 22570 1174 17665 25626 11347 16978 4398 31020 11306 12258 23772 8261 8070 15370 30971 2224 1342 9890 30223 29465 8128 10390 8621 
27138 12334 1229 4761 2845 30816 6032 2443 30289 1069 2445 16641 5694 28807 30168 24404 23561 22272 25838 5488 13618 23178 17613 2736 19264 7199 4469 5134 8037 15417 18286 29703 17738 7604 23600 31245 25084 5105 28509 3163 3869 5658 21573 15861 13529 26168 10573 26476 23295 15625 4891 25961 25138 19125 20408 2949 4044 20843 2203 22056 7715 6517 32201 30839 14291 9139 3606 13242 14566 9642 15210 2121 13116 8075 19552 19785 26612 14401 10104 28909 22122 31661 10176 4269 17795 18240 3467 1583 12662 29131 18287 16329 20765 28887 23618 12849 31293 27521 26317 28691 
31269 8410 27548 5904 1809 30133 25391 8079 16158 7963 23911 9920 2134 2353 1441 16224 19569 6345 13743 1467 6073 78 21488 12212 16664 24901 11740 23960 17063 14809 8064 7110 11136 22951 31474 21929 20654 24282 1955 16847 31862 1776 6875 17555 9069 31534 30849 25268 7306 25061 10359 19345 8529 6284 12160 21996 16063 20850 15451 9268 28992 30303 11402 14877 5837 22339 18628 32471 11425 21030 24686 9982 12377 10022 31942 27335 4377 18212 20546 6221 30591 16977 27763 10145 27333 20868 22326 24106 26729 2545 10874 274 28701 17579 15117 14851 31617 3657 6271 20304 
17334 4711 4264 15489 13178 14084 7981 3005 31266 20101 26323 29297 12197 22671 9988 8309 26476 19576 14984 8352 24936 8612 8102 13019 3309 29386 32022 686 17125 30587 2492 1306 29563 5892 9020 23585 15156 11746 29538 3341 4124 30444 32082 17 19714 32623 6825 27465 13855 14855 13300 6796 22620 28163 17627 13878 10112 13364 25632 29825 7845 13076 11167 3091 20482 23671 15921 501 24314 22314 3553 8630 9495 16804 23703 22546 23598 2752 12007 30849 10693 25310 12805 10673 19936 6008 19495 2233 20695 17931 31942 26525 6432 31181 26452 3485 20878 10103 13219 8472 
4299 15029 2874 22474 23681 15776 24389 28671 23982 2471 604 30136 12224 9016 30354 24983 6007 26010 10165 5861 24910 5708 15908 29267 5325 7115 11933 30406 4520 27795 21843 13181 2712 8185 20170 11293 14643 20048 14315 26776 28001 27549 10602 13340 5987 24220 27479 9684 9206 12833 27782 30617 26085 23045 13485 5254 1219 28992 14308 5856 15819 9715 10210 15006 19797 21885 26720 30726 9419 1052 12111 22216 32660 6973 30858 16197 5996 1473 14630 6392 9945 10232 25480 32159 23121 3099 9347 9691 13449 18373 23618 12442 14230 20167 14309 6803 2705 24580 2067 5031 
1835 22058 3624 12608 24441 30544 30730 22623 19370 26151 27922 18822 28576 24730 26860 20203 20386 12896 26407 15303 9862 19694 7436 29180 8496 526 19869 10408 20141 21023 25072 7212 21654 21878 28207 18718 7740 29958 19617 15025 30774 19909 32410 358 26794 29610 13935 29305 31183 32341 17897 25195 11484 18383 23312 19892 13083 21575 19363 26305 6129 21435 17513 13327 1342 11440 18646 4544 27660 29526 17042 2338 23872 8931 970 23335 2272 30175 28120 25774 19532 12623 28889 25698 13856 8684 17648 30865 30218 27651 17242 23546 121 7379 17949 28984 20479 8551 21510 11287 
19005 13005 4930 8173 26158 30618 7645 12798 5365 847 22249 1053 10013 12254 3833 28362 21503 4317 8095 25023 9935 4098 23493 2922 23491 17644 22823 18022 5430 31571 23472 12336 17963 18515 27513 13738 17945 17390 23950 29723 10677 7182 27551 26586 25813 26704 7565 32111 18379 3459 9082 22827 1738 23984 5119 15174 5135 18994 13621 26115 26441 5501 1918 3463 6444 29337 29954 20045 4290 9680 15549 1166 20434 4187 30533 20016 16178 10685 22778 7277 15024 21826 15663 30879 9738 29064 15991 15198 14294 15322 14649 12870 1412 10275 2691 12915 14032 10968 28680 20795 
19426 9141 24264 26939 14211 27579 22238 14396 30832 22276 17498 21737 12691 5039 31210 17959 10301 7127 25315 26649 24669 2784 29027 27281 12893 10240 4049 2691 26903 4883 3652 11240 1845 12711 30539 7601 26650 9915 16403 30468 26826 6915 12192 16432 5787 21874 7767 16908 9686 9192 32226 24864 24744 5736 18144 26853 527 26917 12099 12204 27361 9080 9879 11013 26584 8385 32551 5499 29269 22409 29105 29513 9352 29307 15177 21421 29454 2775 31363 31042 7572 16685 21589 11681 22341 1279 3116 4361 6700 5866 26710 4647 21725 26193 3975 19717 16783 29557 21874 6458 
2706 27719 16964 28430 17287 6630 6562 4019 21238 16945 6053 3224 7093 26759 7138 19256 20633 20618 31991 9190 29698 27626 28354 8349 27721 27817 3654 8475 21325 18002 20888 8660 15012 6805 16711 7298 1586 30570 16010 20545 8789 7590 16273 23136 20296 23244 21516 29885 17496 24876 21480 13705 28624 13626 201 22129 27206 28337 6073 2872 4864 13806 14627 30024 3617 30340 30686 26996 28883 303 18343 26947 27511 30468 13764 27800 11084 24860 28454 8480 17096 22297 944 30709 3701 12504 2882 8880 17629 13492 27828 21010 22212 10392 7770 24537 29161 28804 1167 22537 
31512 10342 1619 11436 5850 32416 15999 15211 27738 18152 5635 17880 17686 10087 3727 16389 9926 6196 23971 20891 14814 25074 5227 23311 29790 7352 12260 25966 18936 14286 19775 17932 11091 12053 6859 30188 28387 15734 30932 26129 16948 21722 24133 17699 11107 10749 23371 31512 21430 30392 20826 29509 9389 11764 11693 13305 20838 2984 19573 21837 2701 30334 10955 17558 14989 26382 6683 25613 7539 1069 17950 30841 16454 23581 2175 5386 11835 30833 25692 20231 22576 24665 30090 9648 12377 16824 24123 9943 10195 25803 24667 16481 9932 3527 15155 3471 1682 24252 15459 25835 
8471 13950 12218 28181 25581 5906 222 31067 16447 18580 10205 7553 23493 31459 17039 4627 5490 31744 998 9574 16889 22851 3731 32493 20952 23206 2368 13044 26806 1729 32253 21248 31680 4198 27238 15413 30230 27073 31705 16910 16556 22726 3795 18644 26361 2969 10942 20950 20599 23773 24691 3635 15699 32411 16571 7652 139 21837 7592 31518 256 3561 21622 8380 6776 19903 5049 8336 827 13127 6523 7162 21089 343 10920 11243 2553 2972 2387 24767 10123 4604 7874 6601 10788 9163 25106 28080 4092 7717 4605 26440 14942 1918 17592 25843 9343 9968 280 7911 
10394 22257 28946 2230 2301 22460 21503 7377 21648 26760 27535 20924 6392 7131 22070 7887 17913 21766 29828 11814 28313 27498 32409 23331 12063 14695 15282 10495 10286 5171 21956 1272 19122 12979 2820 25666 7369 24017 22924 662 25218 12898 24958 21347 16741 8477 25115 31058 24476 465 2337 11497 29847 29786 6591 23506 27374 29062 7969 6283 24499 18578 4869 9141 4140 8441 29107 11636 1314 15798 1375 9898 4560 19772 31910 22102 11054 11664 22788 20024 25372 21849 27638 32407 6423 31603 17592 24425 14413 8267 27952 11032 1243 28728 17126 5372 3074 21137 1019 9433 
6143 5718 9563 7373 31836 18146 29229 17539 7204 24371 33 9434 29528 14503 3179 2408 24955 27930 27747 13584 11226 27050 19109 26270 14334 12165 25584 2347 7931 24891 11021 12653 17664 30542 20135 29664 7338 28863 2975 28864 29212 9968 30283 25030 32342 4520 16148 24798 11569 11252 16613 8244 20740 22731 23915 20245 8411 14071 22415 9383 28190 26464 11241 29768 3935 26613 29361 24396 21512 7141 12593 30819 13334 3785 2048 22749 32380 17268 13628 29161 7278 11147 11487 1864 1282 2871 22717 5823 1779 25334 4977 26467 16553 23241 15140 19181 25194 8767 2339 3228 
25608 16532 1998 23981 4878 318 20881 17139 17631 11762 2738 28528 8492 19680 6457 7158 8587 614 7537 30897 19547 21828 5639 28770 31043 10730 10090 9004 8839 14638 582 11016 20190 16777 32382 30840 32175 16337 7731 6752 19179 2191 16421 9569 4038 4050 5907 28539 4455 3353 29961 23698 8337 6073 7321 24315 4203 13072 13912 31612 18878 8593 22749 9394 15734 26424 6487 12729 5574 11055 4038 467 19681 21602 16060 16745 30056 12198 23211 3862 9302 7175 31088 15626 27785 17848 18028 11667 5982 32521 1371 1345 31739 3895 26330 23338 12591 31472 29118 25663 
