10526 32762 11631 17902 27244 6488 31668 18136 10160 4791 18621 1091 13302 22049 2650 24184 31469 5735 27992 6480 27295 6379 13878 4282 512 23114 25445 2652 25076 28682 23208 10348 9881 6141 10534 26628 14737 16325 22272 19050 23570 2857 5707 19227 2690 1509 24701 21369 30906 14240 
26959 12458 23937 23414 26393 26010 5333 15090 18530 32420 3380 7817 26202 10516 24225 23963 8567 17098 25296 31052 12130 7338 26739 21305 30056 22217 30294 21993 19936 31753 5024 11180 29482 7991 25912 25726 2501 5509 4320 32015 24585 19440 18916 12512 7346 31952 7875 30260 8850 30274 
21382 4926 22872 24509 11089 20499 28240 19697 11294 25005 23046 13215 3818 13911 2123 17880 9063 31041 10796 24170 8261 18204 9355 28846 12983 24120 21958 29131 21049 23678 7801 11482 14573 1138 2269 17006 21073 763 12229 15888 14312 19970 12265 30487 12987 28400 18237 24508 12507 31713 
13067 20222 24543 17594 20353 20160 26447 86 28182 26358 30753 2687 17153 17298 27789 15761 23350 16828 17825 2999 10674 2834 4257 2766 3781 27065 30618 15518 11364 18888 24775 3679 19225 21051 18246 2497 19239 11303 19155 14222 29082 15510 13015 21029 31550 32161 12789 7665 10455 8648 
23921 23980 29845 27580 30469 27893 2339 31577 21159 10336 3164 1031 29775 8764 13042 8475 2248 23474 3239 14434 12798 30306 22443 23080 22868 1689 5229 5171 6021 5140 7958 29175 9416 16978 20074 22986 2220 16130 15463 6891 19713 27410 698 26431 15829 27656 26757 23708 11551 23815 
29015 26688 22067 13160 18090 4803 1116 11841 7544 24055 31215 32170 15230 8395 28238 4007 28634 186 15283 23230 8529 12211 27697 19655 878 16860 12696 30839 16167 29110 5718 25534 13185 16751 5192 30364 27809 1574 27224 7649 29142 29313 1853 5188 11140 16888 15583 16549 8597 30333 
28535 26382 1591 26987 7258 11008 2179 30030 27018 22148 10874 12651 29930 9399 31485 18043 1496 11274 18546 25617 911 9787 4305 14882 5630 22425 10186 8380 14565 24617 9083 29277 13892 19852 20256 28510 1370 10218 7599 26931 31670 25848 12199 32332 12558 2016 13759 15239 2693 13641 
15209 16698 18660 17453 6151 32198 10885 13962 13136 7819 22638 14207 29054 19916 22995 18714 1393 10690 31189 19447 2937 25817 3455 10513 24701 15980 2729 28637 27737 3685 27266 30459 8412 31227 32723 21131 27257 1184 19377 29612 31604 7223 31073 20073 21575 23107 6326 15618 18213 24831 
27532 26363 2204 9261 6784 5570 24993 16235 271 15987 20134 1955 30243 30631 19266 25701 19922 25081 12993 30973 1622 11394 8822 25666 12442 29743 17798 28984 22892 12416 16443 28340 12211 32589 10743 18868 31754 12137 6592 25763 14809 10301 6634 26070 30335 7380 1194 11795 27586 9224 
31089 13969 24916 18094 25111 9192 30502 2505 6244 12875 598 159 28050 24949 4683 30701 25302 12432 6088 18841 21535 9129 22531 7172 22039 15258 26749 4190 30437 3351 14130 25464 7060 17564 18626 2286 12258 29555 18145 26928 27593 15509 12267 6357 17358 21966 23537 23204 8370 32738 
28177 1397 28263 339 13521 5804 26401 28761 9295 11960 30610 595 1267 5178 9623 32607 11903 2161 9954 11605 19977 26442 10092 25611 4981 25362 20204 25515 19775 21509 10833 1268 29110 28315 28897 18205 19710 27627 10205 9194 5777 5808 28846 16282 20322 28567 32368 14274 15705 26649 
17956 12877 14366 25615 1615 10831 31752 22018 5342 16502 9321 20057 20831 18733 17914 19798 5519 16554 7998 20868 351 21383 12840 31260 17701 23930 30408 22767 26469 11881 28447 17401 19711 14415 13595 5349 27899 1564 24038 11187 5723 15905 13455 3897 14702 16219 25709 9468 28027 8070 
29620 16711 24514 10847 29417 4262 32212 128 28667 4511 421 14960 16339 16609 7553 2611 17987 5837 1913 7393 11202 20209 16884 26517 12415 31524 27675 28341 31057 3026 9636 12208 22767 8459 23325 32045 18943 23268 811 18986 4121 1525 13464 23842 26846 29608 6756 17532 10085 3995 
15752 2696 25232 27494 20267 10836 18072 16133 32052 9729 27438 31752 3452 27372 16614 402 24328 16979 765 28437 30807 27538 27269 1131 9638 28150 32328 8592 26245 2094 30009 18570 30572 28466 30536 25541 29985 6687 692 19127 23505 6837 27274 8024 21566 27337 3210 26143 16580 8920 
9591 24865 27201 14764 13453 25242 21338 22411 18031 2108 15329 20439 24814 9274 374 24908 19312 11685 28799 27830 21958 28914 7204 5368 27366 24430 30254 30229 30789 26693 31344 19536 15314 30048 13419 25452 27639 18081 9989 11291 21946 27417 9155 7293 22663 2735 6280 21167 13101 23246 
2576 30317 1796 24161 29010 27885 1821 4603 23813 12202 13742 5929 9368 4558 11347 22690 14901 1028 10474 18654 15752 1963 19002 27289 21387 26617 5251 30193 26001 14418 29435 28703 5029 4398 25971 27097 21253 23303 1230 10997 27863 32511 4449 25578 29912 5946 6843 2699 11118 14675 
2767 4280 10928 329 10284 22515 8147 24383 17689 13192 15626 7097 9079 32703 19043 7228 24927 17870 19845 31711 27247 1837 14631 9875 472 15967 23201 7304 24080 7342 30749 19744 10 2317 20022 13470 23533 1057 4182 8156 28041 501 12997 23491 22055 9991 6059 5335 24641 18993 
9127 11494 25016 13857 22222 2201 6380 15750 2879 10673 1370 4136 31975 28321 10308 7725 20641 20103 14519 28821 5799 25315 15288 26738 20144 10410 13285 4274 16703 12811 22828 24561 21953 23938 26049 23626 22477 1866 17354 25842 4435 11286 3458 5987 31743 21959 28489 5698 8109 28008 
22446 24890 17391 23461 4180 15940 25682 26545 3365 18879 14725 6800 14975 4862 22666 778 26549 2932 21546 10733 9029 10387 31150 17709 12498 9717 23840 16230 6598 16327 14850 20719 13275 5008 22602 10920 8311 25321 18010 5883 170 6359 7011 10911 7775 10954 27293 8321 30994 3067 
25621 30528 28446 25494 30117 3401 10803 9953 17274 3884 30201 18722 22838 29425 8865 30317 20222 19096 28036 9855 28454 12699 23489 6264 13537 16745 7657 1154 19493 17501 13836 25016 18366 31889 2991 17408 27889 17872 6905 24228 14500 11151 18919 7153 25291 24580 31551 8703 20321 29613 
8609 12254 17964 1760 29974 21859 6901 31434 10535 23963 687 14546 16279 15891 30263 30314 11450 7101 20863 9369 2895 29037 3982 6497 2416 7078 8350 30023 31372 3098 14230 19439 22975 830 32692 16076 23507 23336 30132 20378 22615 16990 21795 20004 25670 24416 2454 14724 2474 23084 
31386 19948 31611 8459 19801 14146 30820 8467 24710 7812 22169 11473 3614 1428 4610 6127 28023 7744 1062 19547 8645 11168 24385 25416 1824 20489 7673 10038 15625 16451 16869 23340 20629 12986 1687 28951 2430 3977 15771 3475 7559 7080 31170 7947 6209 16880 12435 15982 27003 2230 
16 7697 26692 3470 27589 21940 25317 4602 14204 27576 12769 1895 24688 4937 27588 6192 679 13218 15267 1791 15016 24468 15320 10984 22443 16161 24097 10168 14056 10997 31487 19812 28785 26931 27660 17947 20691 27896 7801 7912 352 7273 14329 23403 29523 15699 21931 8690 31892 29530 
2697 23349 1995 14828 11390 12576 10255 29093 13271 1495 23260 5296 25488 26363 4728 17910 25112 3880 3955 4242 30035 7493 31735 21017 11739 14142 22525 29347 15 16687 28597 27098 15580 12499 3497 9748 26707 30443 13289 30921 9129 29267 16409 24511 3438 7834 22188 12896 15529 19894 
8536 3373 5225 2931 10729 32590 26544 21736 9385 7539 17180 15443 3488 17188 28850 13325 12556 4446 3948 11589 11777 2127 15252 11835 30689 30609 3042 8611 32450 1932 20034 6874 32279 19850 13616 5224 9279 21451 32189 31249 12437 29878 3835 14573 13164 23050 6415 19447 19931 13367 
32039 26195 14051 25649 31796 9913 10970 17016 18149 31189 13294 15605 26971 22400 20124 20987 25863 10448 339 26602 21165 2052 15814 26195 5879 13168 27613 12695 1036 7218 26111 26744 9386 19016 20377 21160 17447 30122 21892 11873 4254 15185 24384 18456 10531 29930 6531 16887 6227 32743 
16908 553 6988 27604 13466 29638 11209 26694 5745 31261 20175 437 26600 13995 1431 30163 22980 10712 26396 19005 21350 13174 20892 11654 12269 21345 13414 20885 3014 18407 1065 18675 19702 30308 15863 7337 17448 31015 6769 21534 4898 7757 2497 15183 5971 18229 18575 16724 21572 21493 
9456 25589 17669 4260 16014 5826 11743 11323 17380 5429 4407 25379 464 5053 24466 24599 20476 18126 17617 13222 9517 22959 1654 18300 13306 460 23665 25239 17427 17821 18008 28125 18729 4628 13221 4238 7610 31295 9369 19285 21580 6150 31943 8609 603 8754 29640 27631 4128 31511 
6185 10886 6861 17136 28518 10816 27241 9109 18186 4750 22070 490 26204 804 6440 30280 20580 17119 5687 21516 21888 18016 16348 27155 11538 19743 7843 23229 8607 8938 24088 15022 28164 5392 11931 3753 31958 1519 30723 27639 8904 10806 11014 31197 19399 9093 5823 32638 17986 11514 
19373 26882 17051 13820 26835 27856 21470 8079 10095 29148 9979 12089 17518 1264 11812 28506 3065 18764 15356 29797 6011 10767 8114 19783 19399 25684 4328 27211 15773 27210 28936 21862 23719 12127 29187 7995 3755 28345 21271 23448 1867 26921 17129 10726 6402 4981 17349 12661 26515 1175 
26697 4172 2557 30161 11964 30717 7101 15544 15095 25259 22737 13702 30483 12194 20082 1383 13725 29163 4125 18264 25464 9672 9417 30556 12777 8390 15744 3575 26911 13985 28958 25902 7144 10519 20639 28206 10302 25550 32545 14403 1368 21390 27085 9587 16753 16649 7164 11706 15404 3090 
16636 30323 31853 25058 32644 20330 5488 20951 26139 22330 7175 29997 10962 10412 13248 20372 8036 1831 28646 20714 30973 10454 22866 21061 21433 18474 18514 27016 1445 24411 24343 14253 32411 2257 12930 6516 13628 3113 7753 12317 15138 3793 32325 27238 14880 18645 28874 27408 32126 14036 
7264 26288 6392 22151 31495 7869 17635 1785 12306 21345 17184 13250 13782 3968 22655 2388 760 7782 26339 26185 951 30317 15638 16216 17740 32624 11762 3335 16974 16925 25707 18065 11479 32617 31879 11675 8392 26084 228 25489 30311 21510 5419 22198 4835 14790 4702 17350 31772 12409 
11868 22126 18116 7281 30971 14207 21202 247 13500 18732 975 20162 20995 10505 25405 9227 25019 5032 31074 6352 7403 3529 3962 25366 26693 19641 12043 21402 27688 10852 19127 19357 4732 14597 5966 15665 25238 8538 19448 2596 26431 22698 414 13369 9095 31928 9953 28198 4394 31259 
32745 27838 19834 28315 18153 28078 5998 19564 25201 12344 9607 31870 6036 13089 22735 99 13542 11509 6121 2303 8542 12486 21463 3121 31523 3845 21896 19241 24646 21473 4972 6727 17122 9847 22777 20450 831 2566 30975 12567 1314 4717 14579 18677 124 16770 23323 5598 1019 22915 
21083 16042 31147 3556 30140 2236 20421 2280 29861 15583 16731 1533 2092 12666 11521 30876 8270 17097 10414 27989 11405 19399 16516 19354 27617 19990 4348 540 19523 7426 14634 21128 8228 30946 16533 8596 9236 10552 31443 24883 214 27540 30225 15227 27043 13682 10478 10955 12297 22136 
8229 14775 27090 214 3849 30241 25134 12625 16420 6558 8300 2675 18422 18705 29688 7548 2886 32103 26810 13198 25393 25780 21634 24881 5485 24699 30318 11073 25072 14584 248 12959 3604 32583 177 21355 890 11306 18030 18775 3958 26263 4105 22746 24680 7335 18061 22301 15366 27854 
24228 26215 3524 16649 5721 28011 21102 2016 4190 13860 30321 2426 24604 5426 29758 27253 5846 2141 384 27296 9726 24703 14276 18550 29929 12820 31202 8464 6881 22489 7979 31008 26378 10666 16223 28018 19508 18711 10324 4179 28373 10175 12999 1670 25278 15774 22421 27646 5036 7801 
19538 17120 32648 3256 27694 26193 18684 9594 8365 30354 138 16035 3698 7977 25869 31785 1988 19374 5533 17469 7274 27933 24450 20353 25691 24764 438 24838 1100 16216 9044 16129 6731 23445 21434 3805 15572 26019 13731 16773 9180 22951 15341 8000 4812 19321 2448 17836 2426 13723 
24535 1858 12821 20324 1833 25214 30768 22646 5505 5317 8149 10995 32697 7477 20807 29700 17473 2905 27618 14571 21410 24545 26365 23467 14014 32635 32630 17180 8688 22014 9089 21101 24968 10010 906 16305 21999 7721 87 6465 276 2823 23562 29057 21135 557 19926 30835 25863 7449 
31157 12727 11742 22698 18368 24485 5354 17019 75 17713 28689 20506 13549 30221 25699 14849 11382 30674 19359 1949 9444 25312 9186 27756 18854 8982 1000 20113 15237 28470 30133 7029 18532 14307 25677 23861 2063 10306 5868 10045 4481 5506 25237 2637 728 28728 17100 22403 28 21578 
16431 28359 4768 21428 25469 14538 3769 2621 20981 17148 10757 6890 11517 20395 5625 19106 13200 3316 15844 32034 13190 25201 22492 1599 26905 32450 16356 17626 808 28966 6679 17757 12881 21027 27882 1333 6022 15326 18437 21691 3677 12877 16299 26663 17804 26312 26496 25659 13833 12728 
13254 29117 102 12489 7276 30851 6560 12816 120 28206 30866 22444 29650 20285 23141 29145 13643 25494 20291 15829 22946 3214 28961 11859 10623 24020 3096 4527 30096 29698 4217 13451 13754 24313 64 22402 844 18646 21255 5311 6529 9414 3647 26458 23033 28278 26673 7050 23392 1371 
19592 8909 16444 11433 26059 17714 8332 5749 21521 26515 17703 19149 16117 30861 1058 9689 5764 18978 29731 19493 1987 4152 24783 16689 29997 25727 26076 16672 28122 19245 15700 12802 5562 1030 18196 29565 2754 24946 20463 3189 25949 7414 32042 5328 10919 32713 3169 32105 32386 17365 
8576 9936 18291 32646 19874 32366 29539 19192 21504 8247 19844 10141 5706 18893 1618 19411 32635 10497 31034 19513 32042 1374 17079 5296 80 27530 10490 150 9559 23283 31645 13872 16406 2154 1217 17301 24805 8735 32445 20620 29012 12551 27114 24877 5578 12610 23539 26951 9188 19984 
6572 32756 15368 22063 12540 30224 4994 10691 2712 9862 28395 20017 29574 1562 23194 12397 30969 8639 11372 28163 25999 11725 19615 11629 27654 11359 13864 31938 6876 4405 27365 1906 22253 29379 18646 10987 4424 22977 901 8876 14099 20421 26508 17313 14347 31352 11517 8210 5661 18296 
18851 20644 24401 23191 9756 3942 32068 20733 7772 640 15301 14028 12503 26600 22917 23897 14025 5317 6745 29113 11751 9595 20208 31165 25207 31098 3921 26210 25527 26913 18265 15444 18302 22419 4126 32067 17449 27900 8411 416 8132 4069 22851 20893 5128 5495 26272 19684 22798 18503 
30501 4133 7950 17273 11618 31659 7622 27252 20800 879 25322 30062 8889 14139 9295 10203 3269 18489 11823 14368 24507 497 11330 27297 26273 28180 28347 23052 19055 21492 7205 20019 32763 25969 25779 19672 15166 10387 6421 23595 8569 9637 31354 14127 12149 16723 32465 11531 30429 32085 
9039 17706 12426 8405 10771 21414 28547 6598 23360 15769 32206 25463 4574 24023 32074 25138 13574 865 21901 8182 29395 5281 9802 21908 17348 4921 11135 3261 6042 17704 4128 16879 10784 9214 4907 8597 12742 6629 3231 31419 17398 3256 462 2112 24180 19141 6824 11256 25941 30669 
21958 8275 2071 2473 16614 8478 32408 4876 26844 8928 16626 20231 31807 24537 12416 29393 13491 13819 26357 14712 2788 29107 3259 2905 26200 1595 9317 1533 11801 17900 14557 3177 10087 3582 1414 595 14948 27727 27984 28091 29966 11369 9425 30555 7156 1562 21103 15856 18792 510 
