-304069744 -660948246 -917134993 -1882314725 363193488 -419335900 -841313575 1803548242 2112827873 953611539 1655709657 -600767027 -396401964 1329681829 1917536612 -1230099721 1409431170 -1063173809 1955681025 -855735127 1548436674 916865323 -1750452995 -1409751860 2022793573 700602588 -560386276 -1535977751 -1354952376 1823667357 -638746446 263891793 -1398332509 -1760894905 2102269688 -1897233692 1913664175 2119852260 498550469 -1498064323 -125332825 185120507 1927179959 -469126031 1635839513 -1579123579 -1992562124 -1887226530 -517151276 -354214537 
-1397091716 -1367262749 1519368271 1064831039 -1793619983 115006340 1671773455 733791797 346069770 -208852173 2130439221 -1229793255 1615453903 -748111366 -1849875654 2052014372 -327927260 -1549152847 594058713 -1667447242 333623220 277350279 836025520 -1523515240 870714299 172174958 1259272247 -1770575484 -1691663787 1747318698 -1780454796 -1199551282 1986183991 1615361954 1546140154 -1765020436 -388703475 715327066 17661360 -2136750462 735439641 920249906 1545961373 -2059636841 506691373 1879623140 446493219 -1755545868 1387191139 -1785465158 
-1839831380 -1714041249 948028508 911667087 -1159777492 -180325486 -2010700478 462253064 -202356939 1393162930 984226617 -1608118034 -1821290910 560233632 -1868493110 -1904411537 -191762021 -523749473 426687782 -1679408447 56376068 247364685 1190366939 -1686818960 1911366849 -228950390 1086994870 2110677159 -2072102533 2091743240 2096535313 -1592240122 1649714297 1405947224 1352904489 1143643761 -45264004 1667299779 389583281 -2083267973 -847145053 21873484 -761815737 -1352193592 127129855 -1998002824 1217907322 2005769108 1891208010 -1764359380 
249310601 661498888 562370996 -111525179 1548273286 968555630 868398904 -1990439465 -1008376704 -1972108465 -1231294187 2064870101 -477977387 -1516768805 -1562206450 464772889 -1483813540 1299511074 -278777681 -2108312610 -1538971291 -1114044704 -485139849 335042099 1431605134 1964246165 -152994130 -417257620 395297630 181584130 1666589890 679871679 -659928390 -762840832 -168394969 -631284288 -1838963732 -460221526 -290671920 -19376061 -1982004526 -1878673423 744069101 -475182148 1819522636 -263536806 -50783105 873918539 722662781 786803739 
1480566844 259512366 809842676 -1125017145 1123247618 1326938688 231818116 -1323108472 2106175044 -685512834 -218769145 1208933198 -531267942 -987673723 1380981169 1055553082 -1862863518 1422192792 -1365290363 1744764753 -1616599218 -481182007 495390772 1054417585 -120830218 -1700184718 -50112798 -362109619 85392305 -25863978 165540291 489067664 324693945 912153390 793780555 41735833 -2112179924 -312419694 -2120253691 -309997114 1714883738 -1914884111 26357217 -1030855979 -1314994431 1665446265 -319406208 195276020 -611359461 1692242231 
1481885380 1236370355 664383769 503676957 1756234555 -850349659 1769099759 -822546289 -879250504 259775886 536113125 1169103371 1365226771 -962389046 847863393 2107066890 -820958041 -1827629067 -520079114 1818934325 -634678660 -910327936 1192228538 -2110610708 1228655199 -550484224 2140877520 1299451871 1261928638 922846440 1318441547 -2082172202 645007409 947883617 648912051 339116740 -364784609 1346016788 -9616682 525633085 -868441440 -154332907 296847164 818088077 -99073691 1674869186 859585157 1149365015 706852330 -1955161451 
1472201615 851615066 206915888 -1119890870 1355309766 -1449891143 1381129788 -1013961166 -1745047427 -911764560 269220742 2141006201 1708193077 -25958671 945406024 1761129101 63429894 -1017750291 159378732 1516674262 -814307553 -495479548 -648043791 1023075070 758407950 1785725982 654564846 413981069 1940323710 329943611 -1995446245 1022002324 67892577 562983561 492374959 -372526303 -1133568499 522208973 -93188801 1216888627 -992156255 -1262933435 381402446 -56752596 -922312644 1501100108 -182101034 596384502 12141606 1713612557 
2105648333 467572645 1713752335 16258449 -1780844312 -1814202410 680831573 -1843512820 -751294795 -419760657 -895549736 -2141213827 320093764 -176305117 943485977 67168643 -999427033 1937488270 -1125804480 1366942788 -1685881778 -1634750727 577216745 821980804 1667519412 -1771686166 1267797950 735774285 1270639442 -84617421 1320438038 662909049 720484607 -297518119 1673863253 849995872 -1356445627 -12811134 -1078284669 44210329 -748543764 2021534474 574165374 175556966 -1199677965 -1698596000 206277867 748719424 -402911323 -1637779791 
-1429634516 1296832503 -1403184650 1208911315 -440435026 -1680075604 1457860257 358678847 -113224056 1083238953 -2075112791 -829236512 -1685834220 1436870123 1358919961 -2004079030 -66538305 -616579871 1043866499 -1943261406 -359727129 1783914185 1027882024 1742594550 1664779574 -778352692 1705437136 1474882734 -1483164422 1145687496 -1734300342 -1891134065 1956743649 -1481795135 2133277738 -2102020577 1790263474 364643873 286388720 1482957071 489494930 -665496205 568697686 975789271 989148162 127770547 1393272156 1916791989 1416924260 -91693995 
-1667632825 1709121145 1634925375 813680681 -1473997159 2101586469 1513834068 -80545029 -617627510 289745483 -147851921 1770014289 1919081916 -455731968 1806110881 1914320712 232882797 1715089688 833885864 1739932969 -343035102 915235144 688829480 1033336924 252451680 -1415277284 -1836914897 709728330 1780410280 630216484 851459707 2130661760 1464647041 891961764 1318164064 1277719113 259275353 60565821 -295868264 410320221 -257005669 -1518627047 -241399356 1472313554 523194242 -1886757104 1452537888 -2006256017 83351315 -1655509014 
-1465028080 -1135497763 1038086737 -1843290940 -797036273 -1148508858 -1596232424 -117969986 815598109 1223475048 1965645997 -2104598678 -269824464 1269027804 -1841902465 -791572055 983896373 -1217718334 1667304476 148357409 983816183 -302816475 1575749078 -1371834785 1916165036 437061343 -1751444989 1546418704 1485245934 -2108433644 -1361026667 -935948242 2137019982 1886958208 1666442911 1620307877 1168871621 1498582155 -78425699 -1226385131 730349889 -417372751 1101872484 -652375336 1310888915 -1314521455 1968784908 -1707527978 1973868867 -913665841 
-709505070 -1388320887 1363462703 1874514309 -1228761359 177488105 -1626772387 277630972 373329366 1670169988 1860319688 -880384102 -981083511 2040691538 -1405342473 -194808080 -324952972 -1453804738 -1694739775 -751892552 17651628 -39223406 1822915947 1473341903 -1373642247 1082284116 -1803197473 1020542548 -399231727 -1753291550 1709235623 -995386791 2021146777 -1795888864 1912236278 2119809216 701940069 1411576431 1065080695 -1453975106 1424125170 -679395314 898867070 -2002326119 1525166583 -882054303 1728290286 -1809859840 -1248380086 -1130242016 
2129041482 1196296293 1214714263 572950126 -1935921436 -1465464869 1531747452 -922024600 -915866021 -762969585 45542860 1915190536 -1908675752 -1068928958 509654514 1700724153 -400542376 1686441032 442165626 2061895348 -586788272 760537416 106575835 1298506829 623976676 -1757888432 460534370 214558568 782383053 584348789 1257482761 1307394897 973704552 792614783 544695525 1858481193 -930278576 772779582 -161000000 140489768 -1370718240 -1634312285 545904244 327964618 -822138522 1598039573 -87671085 2035706584 -253311385 794727142 
1412987992 1130145900 1009317675 -401567842 2135489719 -2024586287 1857447522 -2036467664 615410229 -303365374 479360324 -2059550828 507459516 -871354143 534257749 1057283323 -1860916704 1544730274 625822156 1935586989 -1806553630 -778474090 -998717899 1073736065 1271828432 -998393816 793079579 334779413 1776127037 56000852 1482643028 1904409012 -711033438 221765612 366142654 552890686 528007312 -686679434 -900953177 450629542 1800860146 -307962173 -1073438844 1135778804 816905373 1296886838 -727995603 813440085 737199540 2019182190 
-80657990 -182041479 -313002662 -956138947 1561955819 846800627 -1760497625 -1004049245 -1447036841 -836117126 -1581602721 -2146415627 -449942737 2001204925 -336487544 319019150 -2135651715 195158199 -1213844693 607324645 -1806656323 -2117151646 -85009474 -189530413 -455349133 1785178067 -759133981 298490327 -325110018 -351418294 -576292807 452339405 333571950 -1482183234 -545179659 -530766388 -1585072898 -1186795873 -1775181792 -920106734 -1373884365 -1557745917 -1194194260 -82001818 -2036305571 1271440242 -931764581 932622664 -769801197 942915884 
-1404812689 -1920984098 174666854 1045165965 -1560254518 1278119808 -108355751 -213925934 -1112576308 267621094 1522750715 -1997938842 -2027630317 120639498 939897319 1922060793 609388628 -2016717578 -1213957856 -1813940919 -568176727 -266021283 734290932 1622021382 -813354172 -1245226090 459038789 1137185906 1359334137 877096408 1959335640 -1663586492 1755571348 1788794324 1678905337 1530381976 24023297 418721559 -17197178 1561212057 -1066488509 -1022143994 728282731 1101721573 112587164 -1505963085 933340850 698663855 4701057 1583045604 
1984231446 -1315284709 1906925216 412520426 -861175245 -1693557778 926852613 -1932362767 -14770845 366561496 826960722 1898349167 548955903 -1402643269 1394233426 379607591 607869513 1848478470 -519510927 -1930258545 117505149 -834787823 1895375400 1352349676 269070652 -489873248 1814054264 1033677018 1098031244 894271058 1952950646 -1838902898 750978412 1611604998 1863805489 1225721250 -345085940 1176707706 -920251045 226082137 -749080759 -574088382 303188513 926994466 235523160 -1878156910 914820584 443213249 510544573 2019327031 
1887018957 1732039573 1331006744 495658798 -1869234579 569850643 1455071985 -971188309 -68571300 -1752445848 -830499884 -2031444269 924502070 65928296 -545599301 1479869237 142379401 1760349255 -359226893 870285689 -277339577 -1695479282 153654981 1572141672 -249637666 -1925331826 1520212340 669202765 1832723612 609910206 1380129328 1678756117 -27482896 -526944576 -975098303 1606815879 -487420085 309005898 -1443554953 229408076 -611350543 -2071438964 395845802 364210152 -1382367751 697325327 221304994 1345380608 126769710 -1990498704 
1379133489 -1991857987 1021987277 463526073 -1468140896 -1180807362 -1763762528 -731307032 -346671766 459811990 946041508 -1744044224 1697593649 -7088508 1629492331 -1852216827 294903261 -1718676716 905939819 -1490843399 -25938685 -588381537 445356191 1454211011 879006732 -239230711 1671506673 1651793948 1681855524 981221456 -1859651809 1841174476 583153591 1079923269 765136224 353246490 478850319 -2147321915 195095183 1107877317 879718006 -718627364 407588471 -1951647657 -460384356 -1958606062 470818906 -2133638401 1204613234 -1804789828 
2092749440 1382165087 597204764 1451621060 -1130678747 -1853796581 2080308378 -597639109 449228150 866531638 1978516196 -1022590139 2075325016 -18466026 1601133868 -1971179217 66172149 1971300370 -803516702 -1395777165 317322162 -1337531775 1242996195 -1179529694 1529302853 -27541518 883134922 1152495726 1516897370 933480857 -1179018571 -1671699552 1820338611 1511011821 1008196439 1233983022 1245163889 922649416 241801615 1079181180 -764642870 -482374015 537722205 1259856675 78206171 1943510542 329406087 1190918476 -1984243771 1603199563 
-911404754 -1057577414 757333660 1600003968 -994482388 2027259727 259429057 -499635964 413928466 584558749 1828367936 -1081203701 2138075703 583548835 1143670748 -1239434780 51429594 -1611687102 310141120 -976302770 185493036 -505254817 890993948 2115602050 1489700249 -1238112282 1212900334 1585562149 2067300504 -2107758923 1669778048 2092930824 1019063404 744005072 1185083588 2103492974 -234438267 -334694840 41119781 1547890160 275550294 -616501295 558582947 1725122190 368309998 -1446451850 657547829 2142780454 -147717234 -1297499549 
425334135 439546709 -876605176 -1701200268 724357809 -179493930 -620456433 1068145274 -1857172918 -1301125899 -889643865 -2109228022 588562594 -1304628938 202144949 -186324560 -1722645685 -6862395 -905299368 1347975711 1771132830 -1094497965 -1146555859 -551379535 -5376755 801956066 -984727773 -562438016 -506504293 -1092801634 -227055547 631892749 -108357595 -569909637 -203265490 -1105052122 -1154430774 -1580761906 -2112000862 146537058 -2074928620 767810733 -1407074601 -1028677962 -817595378 579714965 -1214006404 -548365001 -171700991 -358957091 
-649564612 524779229 -1284800978 -2033397450 441347577 -665026683 1698886822 1571360009 1790164235 -1394043375 -1918230649 1605451577 -1765792905 1485680506 -228057739 -894892400 1682626543 499612058 1851071792 -54248542 1282003756 -1970382489 -1352335526 -973194378 -1911471955 -36085276 1947835623 -824825198 -353191630 -772163731 -597546696 -318818765 -1995424609 -1875804323 -778296686 -810199441 1420232598 -1993232295 1520891485 1875385566 1630959029 1850796839 1723896030 -1055700606 1914468146 -868152460 -1778416145 -1799676241 1684334168 -644392918 
689619149 986956718 -642016477 -177466163 1674753738 1574391416 216197361 -908381596 -1320296314 -1069687856 -627256844 785437311 -2056322592 -643061873 -44026922 362882436 -820003606 1439730404 -769505233 1517660070 -1255285925 -836833707 -66946095 757775332 -304697464 1709275828 -386503546 -654784076 640333760 -95750914 1112584835 1922478114 -555573996 156844837 -152168225 380800152 -1082793006 622553331 -368074992 -20152222 -1824332763 -1246689822 -1523654690 1097499273 -1126521731 308286105 202637134 -131441487 419272505 494842263 
863211215 -671369838 -1060980052 -1553188697 483729658 349372280 236389332 1239781836 -2099505264 -897592243 -926079923 597841021 -891239175 -1999137814 -1059517186 17575945 -1770032575 566708740 -1718323234 595951293 1874666646 1334799714 -1117720302 146355445 -743397509 -1929163839 -757302853 -564633399 -433076687 -1040593000 -937150740 5528117 -1367354431 96389794 -727125682 -839783484 -1999414381 -155352765 -2116485434 -555606833 1722986321 -2032154502 -1810217128 -1494538562 -1986114417 483509371 1808120525 -276013060 -890930644 74776846 
807938316 -404220525 -1220907442 -40865394 1049324892 -832076915 -151158289 2019793539 -1604935545 -1881515671 -63468771 840623190 603790558 -332670755 -1210438885 -423007648 -908972510 1041079454 -632644258 1015342936 1830047866 -1325300583 -680724901 -576261299 -1856453250 1717756844 -1283649702 2086588663 492403765 -1410961710 896216999 959963194 -595610399 -728031234 -55080198 204388047 -296253757 1938019829 -1601988766 208865479 -1221210108 703068643 -1349741178 -362563723 -840345959 600067840 -1338665537 -397879779 -208519343 -901326539 
1534545639 959318635 1086804223 -713367684 1870673343 -1291929495 1773745257 -52678110 -122383272 -482361227 764687873 -833782231 841587316 370048039 1135049985 -1734542432 -715774581 -1376398196 1924082082 1731091570 -562802717 -120781029 -145871748 -2095283017 570795896 -507419006 1615761698 -2063325695 -1179650948 -1955608516 1554333923 2086214617 892570720 -107964620 220736637 1919644344 414669722 -659104595 -515846470 1251445519 105207125 -1242113765 417065890 1466925286 -18162216 1009814591 621563939 2072078493 923624569 -637275593 
2011513475 1541711783 1747628591 535624109 -1645570357 2068203362 1210422784 -583300014 56158970 -62893041 820178673 -1379341644 1573141926 -8928487 1893543538 575573496 -635249958 -1718372236 320928575 1959777169 348602725 -483180138 -2095731271 1195618950 -191268927 -913289258 1492515887 -1151110337 2097435415 565139818 1065689061 -1546027916 1091793930 904214079 72709853 1618497051 -573575201 -1205771576 57617673 725216890 -545832350 -1713623849 104853588 1608757398 595632211 1952265108 896269381 1922457880 -1946947959 -1851535708 
688399805 490805934 500268970 -174037932 1750348304 1032707892 -430504224 -1942480460 -1198039606 -1713946255 -1407044673 173531793 684201047 -1093705040 -1491440020 684507264 -1274813758 1938315998 -1476472596 1290021473 -979247585 -1427013040 -391409792 80637230 -350669490 1876202939 -740747821 -1121062699 -150930539 -242266836 291894384 1011116545 -441403700 387588074 -40307511 -105501426 -1788456435 -1223902194 1961009673 459025193 1890748693 -1679633759 -1631095368 -1169967648 -607240710 468373765 -748020191 -383234265 -959070723 644432433 
-1569680483 -1605823325 1608922623 984112551 -2040734435 -1852647293 -2101974494 88567265 -654341831 795299774 1886673523 -1042995135 1938442966 256384989 -1524794266 -1705149921 66154753 1691972162 -262545649 -778612002 593661385 590193124 1988543555 -837707513 1280967666 800392668 -2065856372 1835349171 1353707471 1886949995 1662253955 -711757218 -2031060009 -1016286204 1369958780 1682050263 684304080 1292140292 -1163363109 1426948420 -976889060 -365307039 477748799 1650601224 1110099882 -1145410907 -2039007044 1924648924 1781244923 -630630447 
-542832968 -465778750 -857614599 -1549284290 54786019 180710445 -678189674 1995817887 -1921775623 -2113850956 -484055361 740576224 -722079379 -1131812514 -558995428 -165989240 -1754428386 315279878 -2135490004 91701587 -1596660478 1461178307 -1632217135 -657372275 -1075572263 344907765 -75749775 -1560674792 -824294703 -1209226968 369695931 905772079 -1592179838 -1070046806 -1031878617 -533489214 -1352545264 -1443565211 1308172538 -1439829918 -390009518 1418036047 -1453107988 2053343754 2009541726 -34470702 -1697044901 -138831735 -1468966241 1170113916 
299597072 -616926872 -161024597 -1312890431 348136259 761220146 -497482284 1433130219 869162279 1827915572 1569703167 -598892096 -359098619 1273912947 -2028920538 961136581 1188868385 -84613539 1948773995 886138162 1759839954 1542289796 19262066 421743366 -942770309 1652310550 -1916341512 -575670298 34817608 -1848397139 -1354092475 94283580 -1776964467 -2027984058 1778580940 -1498466032 1575378178 1932126382 1046232418 -1654164802 -60924780 758355633 -2141777102 -788320016 1917436229 -340970527 2100293011 -728977428 -994734556 -401240904 
1092019779 1307553116 644663571 372766265 1855964052 -2014925410 -1838877843 -1367056747 -1093479543 -636269422 581480594 812343928 1772516455 -765935191 408559898 1887822189 -445362670 -2133118245 -82654671 1813557286 -892036195 254206712 399865376 724691345 663205303 -1458220669 1278084446 615185136 988386062 774142789 1870340014 1612756679 617620525 -83656742 48377819 -451520018 -10720572 305908435 908074722 939295322 -1038374983 -130463986 -638807322 1315376109 -189825781 717998844 1344051667 1336084324 381625511 1610554639 
1321898180 1773914646 -43597680 -417103262 -1676361422 -2076883888 1437512911 -498139151 -986530549 174638787 52068007 1646351045 -1769440051 -206009362 1187079587 -2105405685 -30954587 -2024543187 60262687 -2036347144 -506406064 -1108927601 340903570 1323032936 1505865155 -680115651 -1962385014 1292913492 2003893074 905217102 -1879766870 1638668738 1574488606 1027517650 1595998055 -67792275 -341284192 1321838410 409560862 1709988068 -848576679 -392992005 -29550554 2069386236 -109522595 2124277176 1428445731 1373470037 1074745744 -1444330778 
-1414531545 1698573517 2090276489 1910287882 -1237761973 -656219829 1115082513 -310924867 738936698 2872211 1490023699 -1500252564 1615725049 -862188385 1340316435 -2100672980 -286447636 1465542991 -492628872 -1141941821 349139109 -456149660 1479227849 1494860482 1435192710 -330413556 1090526663 1422929473 521702578 837510256 1636885495 -1973074776 -1736595547 1803752824 1623299322 1894872328 23934902 631386961 -1882891372 1624513553 419607432 -758999154 1175013210 1534937243 -164002043 -1473168110 519470713 1803831300 427048316 -1429075827 
1944988474 1484456971 859133900 1370947535 2066205843 2019048663 790118314 -861124713 -907181261 -1003814621 -959701285 1743875757 -2093232798 -959602954 848981027 2001479791 -1082474791 1659869057 -972659121 -1260804934 -1221363788 276192686 633229109 1723618057 1535832905 -1150127136 359758949 1318255765 1176818833 71865881 1281001200 2018684711 912592517 143520674 1043503031 580737059 207991123 -711520021 -687974839 1275177170 -515269380 -659151767 -77452175 1730162786 -207476968 1697454730 670039949 1496184068 -1136297296 1677919002 
-1394174274 1994531320 -1800038243 912333233 -744978177 -725034698 -1960146595 1376455488 1703206877 571796300 1026280522 -801907353 -1625943929 1182825027 -1291163384 -2003909979 -540562563 -1858106362 960574371 -1070110467 254401155 1766111163 -2025410451 -1089412828 -1885314986 733156065 -704116125 -1482371904 -1014207118 944390369 -1715275381 117386600 -1152728101 1302602333 -1453607576 -1875402790 -1970505476 763477724 622141806 -1836348478 1228553905 297864494 1594277140 -962831451 -1703403641 -317876413 -2033133229 -772963468 -1996645815 -302021336 
-1394938035 1139551121 1058486399 1565526491 1726322026 -1265148735 -1039060768 73738182 204160140 -92467484 1516510288 -1387803714 1554116122 -49416058 1431402508 -1139321292 1165259929 -1830963705 -831136593 -1163534134 258730048 -185531618 1333399347 -1788930319 1513286132 143164307 -1429929156 2132884340 -1996972950 1609971714 -2052690144 -1799430739 -2004166378 482879659 542930031 1543985083 1514289530 955125571 79657542 884363110 -366018561 -1006087897 872499872 1908531702 314478499 2039990241 1149493684 -1700563309 280227538 2006400127 
78714911 425624967 356476196 -1719322405 728897081 -62328385 468873375 -1866080923 -394208586 797851906 -1760199476 1165926500 -1393889000 -1119227026 -1206974245 184536457 -2104736462 625088218 -1972142328 -298721727 -1144976440 -1794791047 -1253555432 -69675464 -835590425 1069340348 160822066 -565735550 127094683 -632382319 -126296925 622726859 -437795378 -1063373660 -1180483800 -216857205 2067556734 -1696854049 -1926737140 219629837 1332614587 1256808408 -103930834 -349435359 -1882839711 -940814802 -294089224 -24153306 -1023944577 1652166833 
989350832 1191779954 124177236 1155518492 1207865396 -1561677204 467203682 -556459965 -1278825265 -640133714 738654910 1385771289 1338092720 -91306132 198030969 1530639749 -480991211 -1874924639 459111760 -929879219 -473371632 -413711347 1299144450 602061537 1118995203 -299395261 1077286416 1212930802 1611993067 504773156 1235550682 1774094712 376939060 1131111591 1080519440 1147987477 -10032753 -564622892 -1853476689 903824101 -512342168 -1776294871 -200666520 1553762112 30024605 1808026828 -513409538 1749479621 634219924 1957272854 
360683873 791918881 -2087734856 1498516929 -136764188 -377003194 619788044 723365611 1016193925 1167622885 -1186979102 552118096 -724155156 -1650157458 -569763208 277442032 -2032172116 -579649880 -1423131056 459088882 79374516 1703179377 -1832614987 905979325 -826328217 1934936383 -825465293 -283028787 1296412368 -299791609 -1070332436 533800656 -1573914258 -1594978616 2115324800 -215399101 2120409587 2047799519 -2007903722 -972184306 1261357586 406509183 1503403108 -627041053 2122771714 -665911996 -766816913 -940638814 -493226327 573305016 
-1161319060 -1080821543 932709611 1158154734 -1627488529 -1697912612 -1643170244 -453688813 1280070795 652987774 1780498655 -1362148452 -1716073211 1086486059 -1296321395 -2032592468 47096567 -2046167380 630660307 -1322926731 -295785916 383517124 635444083 -1683169577 1323598472 -335780875 -1408041852 1215939220 -1437169867 2062692157 -1594783485 -582339425 1447670829 2042093679 2019263632 -2075879027 337584104 1686536082 -148774678 -2030164264 499618372 -803273486 483038272 -2136378723 1213122670 1569612353 1696814407 1066480109 2110713030 -1415697681 
1529911171 -1959578165 -61393933 36321657 -1974610137 -1983846429 341303997 -1499991774 -581523426 404305661 671138370 -1823401694 1667548857 -304530537 265431312 2010172463 -959935584 1384981955 -581653778 -1845155264 -325290969 -1545720811 1010082985 1150471449 962107171 -1891316280 62706524 235067458 -54502384 735221271 1385179081 -2076423832 -425963184 -2962667 -645627235 206935253 -1098083436 889648419 -1409366313 678203206 -480532934 -341352730 -748080615 918675498 -780281847 1103263119 -437008184 630442783 1025681066 1492830780 
-666291702 -1250200375 1493456988 1963926058 -1166580332 -238271335 2090947860 1473217603 -21417085 975448829 -65436843 -554166089 -1201514722 1297315905 -1417446676 -178203792 1533240443 -1191513861 607198517 -428382208 -1856749162 355586031 -1953164854 -2020464869 -2036181796 -693967625 1912741379 1033102428 -1792862078 1891443088 -864597203 -372976039 -1426095579 -971705590 -1342961050 1983473848 1252891077 1775401211 1064472344 -1006739218 452237059 -291177926 1412621200 1578186900 1220569658 -1014468854 -1535049421 1909859816 -1933586065 146557584 
-989328222 1752711457 1073298876 990346188 -1816224488 -1233678359 410632725 426287750 -609899058 2110985656 1933875427 -1685085298 -1588546714 904861190 -1191043956 -1969485085 -1010124472 -476475903 847448813 -1273159631 -605863145 -6413490 1118681879 -1737220560 -57614795 -392910311 943542447 1365678752 1837413491 1691394269 1918985429 -1391393481 420196011 1623801716 -2119567509 -2102821593 168514711 1052008288 -163290625 576524888 -265318875 -486942551 1033119305 2078980682 1188521426 -1782633193 426340376 895952697 1443727449 2058655510 
1549276996 1573672752 512374046 -206682849 -1935038388 2142068303 368944495 -1392665853 -999574246 -73592456 922685065 -1583002127 1624039265 -792300166 1675129104 1257853980 282319250 1596619347 336810995 1623801103 -969645966 -650801837 96656953 888040144 956662706 -1743859915 1378372846 1120401458 -1459189711 775235518 1468006556 1255343112 1098850199 260175202 750822227 1295298999 -217165659 872944195 -407947408 8218354 144262171 -967117340 14420544 470892948 -16139536 -894972025 456746508 1078651297 -523279126 -1703786170 
1706170701 -1456746214 875275227 747353584 -971361638 -2076338031 2099736663 -730184096 1326512481 133032603 -2072731244 -1430087032 1882509500 387971102 2031361135 -856766861 -840937566 -1484682667 254369608 -1326399040 249978467 -628944884 253305856 -1711482640 1681470007 -129085606 1544368646 1051041922 -1558195987 1480480582 -1180773539 -964599211 1718523159 1549707982 955406358 2047266522 808497175 1432650163 -60223716 -1968410541 652584481 381268518 1178717291 1900900386 898623494 2059151666 458924533 2127263959 1471148580 -1346845571 
-1911902644 -670963846 972171380 1344602698 -1046440506 -1799705860 -1098747911 683028464 -289402984 688100229 -1691300682 -136144228 -1085245835 1339529074 -1152579129 -57511777 965404734 1837134480 -2111990182 -1498612210 213464343 752260844 1404290557 -1491947487 1875022291 183086606 1499456926 -1894855222 -1466060232 -1942809089 -1512656245 -1349061199 -1976423905 -1719162890 888469598 1552323727 1877521251 1974694437 1607669745 -1673672515 339479999 -316800936 395370100 -1504359943 414703482 -1781759554 -2069948039 -1952927019 -1447554001 -815499803 
-252533047 -919510022 -1465259862 -1257240819 -915991846 305985291 289650274 -653276378 2043365179 1794964840 -773678248 1069969945 -141837159 -2141146881 -544342467 1073993248 -1671573695 -495282978 -694199755 172839280 -1757439555 -1561347809 -1636956544 -684164398 -1720662240 1264578499 -270715329 -81269189 -306163688 -727596042 213570626 -193571305 -244713048 -1479496635 -1391408598 -1138309810 -585040600 -1586389269 1344341146 -282533948 -1143085267 -1905319226 -1898780559 -327485435 -1444608466 -1624036078 -1525256577 -539163111 -945291720 -73505529 
1229013686 -473632711 -1565019855 -982733061 -612717939 185478450 397874835 -2041761754 1670569334 1702535860 -1006457740 418911137 -706784530 -1599746145 -678895727 -380860449 1741776567 511038169 1769929571 418207631 1475386141 -2011641206 -375037337 1094713381 -1081776533 -1495892397 -846710629 -1134724935 372465843 -581795287 -652029740 751235596 -633083459 -1214202655 -759785111 1211815988 2129362659 -1406146395 586732741 -1583865483 1651375860 1085499489 -1905204858 -1679097513 -1425719606 -889316733 -1946699332 -33831441 -112996978 -1975123102 
